0000000001100111 1101101000000000 1111111111111111111111111111111111111111100111111111111110001111 1111111111111111111111111110101111110111110111110111111111111111 1100010000100010111100101000001010110100101000101101111110001111 1011000011010000000001100000001110111111100011010111011110110010 0000001000000000000001000000000000000000010000000010000000001000 1101000000000000101000000000000000000000000000000000000000000000
0111010100000000 0011000001110000 1111111110001111111111111010111111111111111111111111111111111111 1111111111111111111111011111111110111111111110111111111101111110 0111111101010010010100101111100011110100010001001000110001001000 0000111100001101101110110000000010110000011100000101110111101110 0000000000000000000000100000100010000000100000000000100000000000 0011000000000000000000000000000001110000000000000000000000000000
0000011000001101 0000101100001100 1111111111111111111111111001111111111111111111111111111100101111 1111111011111101111111111111111111110111111111111011111101111111 1111001001010001010010001010100110110010001111110100100011111111 1011101110100001110001111101101000000000111000001011101111101011 0000001000000100000000001000000000000000000000000100000000100000 0000000000000000101100000000000000000000000000001100000000000000
1101000001110000 1100000010010000 1111111100101111111111111111111111111111100011111111111111111111 1101111110111111111111111111110110111111111111111111110111111101 0010101011110010010011111001000100011011010110000100001010000001 1011101100001110000010110000111010000000000011011011110000000111 0000000000000000000001000000010000100000000000000000000000000100 1100000000000000000000000000000010010000000000000000000000000000
0000101100000110 0000011101110000 1111111111111111111111110100111111111111111111111111111110011111 1111011111111111101111110111111111111011111111011111111111111111 1000010010001111101100001000101101011111111101001111010101000010 1101101110111100001100001111000001111101000000000111110101011010 0000000000100000000000000100000000010000000000010010001000000000 0000000000000000011100000000000001110000000000000000000000000000
1101000000001001 0000110100000111 1111111100101111111111111111111111111111111111111111111101101111 1111111111111101111101111101111111011111111111111111111111110111 0100110000101000010010001010010011111111001100001010010011111111 0000010100001101100010110111111000011101110010110100110100001101 0000001000001000000000000000000000000010000001000100000010000000 0000000000000000110100000000000000000000000000000111000000000000
1010101100000000 0111000000001101 1111111101011111111111110100111111111111111111111111111111111111 1111111111111111101111101111111111111111111110111111111111010111 1111111111110100100000110100001101011111100010000010001001001100 0010110110111100011011010000010100001010110100001101111010101101 1001000000000010000000010000000000000100000000000000000001000000 0111000000000000000000000000000000000000000000001101000000000000
0000011000001011 1011000000001101 1111111111111111111111111001111111111111111111111111111101001111 1111011111111101101111111011111111111101111111111111111111111111 0100001001000101010010100100111100101010111111101111100010001111 1101111010010000011101111111100100101100011110110000110100000010 0010000000000100000000100000000000000100100000000000000000100000 1011000000000000000000000000000000000000000000001101000000000000
0110000001110000 0000011110110000 1111111110011111111111111111111111111111100011111111111111111111 1101111110111111111111011111110111111111011111111111111111111111 0110001011111111010100010001010011111111010010000100111100010011 0000000011111101100010111010101111010111110011010111001000001110 0000010000100000000000001000000100100000000000100000000000000000 0000000000000000011100000000000010110000000000000000000000000000
0110000000001011 0000000011010111 1111111110011111111111111111111111111111111111111111111101001111 1111111110110111111111011101111111111111111111111110111111111111 0101111100101000011101100010010111111000000100111111001110001111 0000011100000000101111101100101101111110011111010001101111000111 0000000010001001000000000000000001000010000000000000100000000000 0000000000000000000000000000000011010000000000000111000000000000
0000000001011101 0000011110110000 1111111111111111111111111111111111111111101011111111111100101111 1111111111111101111111111111111111110111110111111011110111111111 0100100100101011010000001001011001010100001000101111111111111111 0000110111111101101100001011000010100000101111010111111000001101 0000110010000000000000000100001001000000000000000000000000000000 0000000000000000011100000000000010110000000000000000000000000000
0000110110110000 0000000010111101 1111111111111111111111110010111111111111010011111111111111111111 1111101111111111110111111111011111111111011101111111111011111111 1110001001111001111111110110100110000100111100010101000101010010 1011000000000000101011001101011111100111101100101101110110111010 0000000000000000100000000000001000100000000000000000010001100000 0000000000000000000000000000000010110000000000001101000000000000
0000101110110000 0000110110110000 1111111111111111111111110100111111111111010011111111111111111111 1011111111111111110111111111110111111111111101111111101111011111 0000101001000100011111111111000011111000100010000100001000101111 1011110100000000101110110000000011101101011100001110110110100000 0000001000010000000000000000000000100000000000000110010000000000 0000000000000000110100000000000010110000000000000000000000000000
0111000000000110 0111110100000000 1111111110001111111111111111111111111111111111111111111110011111 1111111111010111111111111111111111010111111111111111111111110111 1110001000100100100111111101111111111010001110000100101011110000 1101101111110000000001111110110101101011000001111011111000000101 1000010000000000000000101000000000000000100010000000000000000000 0111000000000000110100000000000000000000000000000000000000000000
0000101100001011 1101000000000111 1111111111111111111111110100111111111111111111111111111101001111 1111111111111011110111111011111111111110111111011111111111101111 1111110010100001100011111100001011001111101011101000001011101000 1011110100000000011010110111111100001101100011011011111000001101 1000000000000010000000010000000000000100000000000000000000010100 1101000000000000000000000000000000000000000000000111000000000000
1011000000000111 0000000010110111 1111111101001111111111111111111111111111111111111111111110001111 1111111101111110111110111111111111011011111111111101111111111111 1001000000101111100011111111010111110100110011110000001001000100 1011001100000000000011010000110110101101110110011111000011110111 0000000001000000001000000000100010000010000000000000000000010000 0000000000000000000000000000000010110000000000000111000000000000
0000000011011011 0000000011010111 1111111111111111111111111111111111111111001011111111111101001111 1101111111110111111111111101111011111111111111111101101111111111 0000000111111000001011111110001011000110010000011111111101000010 0000011101100000111110110000000011010111011100000011110110011011 0000000000100001001000000000000001000001000000000000100000000000 0000000000000000000000000000000011010000000000000111000000000000
0000011100000111 0000000001111010 1111111111111111111111111000111111111111111111111111111110001111 1111110111110110110111110111111111111111111111111111111110111111 1101011000010100010010011010100100101111110111011111001011001111 0111011100001011110000001001011101100111011111100000101110111110 0000000010000100100000000000010000000000000000000000100000000000 0000000000000000000000000000000001110000000000001010000000000000
0000101100000111 0000000011011011 1111111111111111111111110100111111111111111111111111111110001111 1111011111110111111011110111111111111111111111111011111111011111 1000010011110001010010011000111110011111011011111110001000001111 1101000010011110011101110000101101110000000001110111011111101011 0000000000000100000100000000000110000000000000000000000100100000 0000000000000000000000000000000011010000000000001011000000000000
0000101111010000 0111000000000111 1111111111111111111111110100111111111111001011111111111111111111 1101110111111111110111111111101111111111110111011111111111111111 0000111101001001100000100011001011111010111111111000010000100000 0110011110110100101000011101011110111010000000110000000011110000 1000000000000010000001000000000000000000100000000000000010100000 0111000000000000000000000000000000000000000000000111000000000000
0111000000001101 1101110100000000 1111111110001111111111111111111111111111111111111111111100101111 1111111110111101111111111111111110110111111111111011111111111011 0010100001010001000000101000000111111000111100101001111100100100 1101110101110000000011110000000011111101111100000000000001010000 0100100000000000000010000100000000000000001000000001000000000000 1101000000000000110100000000000000000000000000000000000000000000
1011011100000000 0111000000001011 1111111101001111111111111000111111111111111111111111111111111111 1111111111111111111110111111111111011111111100101111111111110111 0101001011111001100010001111001011111111111100010010001011110001 1011100111000111000001101110101011010011110110111011000011001110 0000000000001000010001000000000000000000000100000000000000101000 0111000000000000000000000000000000000000000000001011000000000000
0000110110110000 0000011100001011 1111111111111111111111110010111111111111010011111111111111111111 1101111111111111011111111111111111111111101101111111110111101111 1110111100100010010000100100010000001010101110011111101101111111 1010101011011011101100110100011100000000110111101101011101110000 0000000000000001000000000001000000000100000000010010000001000000 0000000000000000011100000000000000000000000000001011000000000000
