0011110100000000 0000000001111011 1111111111001111111111110010111111111111111111111111111111111111 1111011111111111111111111111111110111111111110111111111111101011 1111111110000100011001001111010011011001111100011111100011110001 1101110111010000111100000111111100001011000011011101011110110111 0000100010000000000000000000010010000000000001000100000000000000 0000000000000000000000000000000000000000000001110000000000001011
0000000000110111 0000011100001011 1111111111111111111111111111111111111111110011111111111110001111 1101111111111101111111110111111111111111011111110111111111111111 1000111111111111010011110100001000011111000001110001111111011101 1010110111011101000001111110110100111011110101111011000011011001 0010000010000000000000000000000100000000001000000000010000000001 0000000000000000000000000000011100000000000000000000000000001011
1001000011010000 0000011110110000 1111111101101111111111111111111111111111001011111111111111111111 1101111111011111111111111111011110111111110111111111111111111111 0010111100011111010011110010000110001111000111110100111100100010 1110011110110000110000001011001010111111000011001101011110110100 0100100000000000000001000000000000000000010010000001000000000000 0000000000000000000000000000011100000000000010110000000000000000
0111101100000000 1011100100000000 1111111110001111111111110100111111111111111111111111111111111111 1111101111111111111101111111111111101111111110111111111111010111 1111001101001111111100100101001000100100010110001110010011110000 0000101010011101011100001011011110011011110010111111001100000000 1000000000001000100001000000000000000000000000000000000010000000 0000000000001011000000000000100100000000000000000000000000000000
0000010100000111 0111000000000111 1111111111111111111111111010111111111111111111111111111110001111 1111011111110111101111111101111111110111111111111111111111111111 1000111111110010111110000010111100110100010001001000000010001000 1011111001111111101111000000000011000000001000001101000000011110 0000000000001000000100000000100001000000000000000000001000100000 0000000000000111000000000000000000000000000000000000000000000111
1101000000001100 0000110111010000 1111111100101111111111111111111111111111111111111111111100111111 1111111111011110111111111111111110110111111111111111111111111110 1111100101101111010111111110110001100010100011010100111011110011 1011011111010111101100001011101101110011011100001110101011010111 0010010000000000000000000001000000000000100000000001000000001000 0000000000000000000000000000110100000000000011010000000000000000
0101000010110000 0111000000001011 1111111110101111111111111111111111111111010011111111111111111111 1011111111111111111110111111111111111111011111111111101111111011 1100000110000100111111111111010010001111001011110110000010000010 1101011100001001110101111111101000000001000001111101111001010000 0000000000011000000000000000000000101000000000000000001000100000 0000000000000111000000000000000000000000000000000000000000001011
0000101100001011 1101000000000110 1111111111111111111111110100111111111111111111111111111101001111 1111111111110111011111111110111111111101111101111111111110111111 1111111100110110010010101101111110001000001000000011010000010010 0111101100000000000010110100110011101000011110111101000011010011 0000000010000100100000000000000000100010000000000000000000000000 0000000000001101000000000000000000000000000000000000000000000110
1101000001110000 0000110000000111 1111111100101111111111111111111111111111100011111111111111111111 1011111101111111111111101111110111011111111111111111101111111111 0000010000110110100110000010111111111011010001000110010111110010 0000110001111011100010110111000010111110000000111010111000001101 1000000000010000000001000000100000000000000000000000001000000000 0000000000000000000000000000110000000000000000000000000000000111
0110000010110000 1011011100000000 1111111110011111111111111111111111111111010011111111111111111111 1101111111111111111110111111111111111111101111111111101111111011 1000111100101110111100000100100100011000111111111111101000111111 1011101100001101111101111011011110111111110110110000000011010000 1000000000000000001001000000000000000100000000000000000010001000 0000000000001011000000000000011100000000000000000000000000000000
0000101101110000 0101000011010000 1111111111111111111111110100111111111111100011111111111111111111 1111011111111111101111111111111011111111110111111111101110111111 0011010011111111111110001001100000100010010011111100001000001111 1010111000111101000001000000000011001110110101111011110110110101 0000001000000100000000001000000000000010000000001000000000000000 0000000000000101000000000000000000000000000011010000000000000000
0000011100001010 0111110100000000 1111111111111111111111111000111111111111111111111111111101011111 1111101111110111110111111111111111111111111111111101111101111111 1001010111111111100100110001010000001111111101001111010001001000 0000110100000111100100000111011001111100111100001101011110110111 1000000000000000000000000000000000000010001000000000000010011000 0000000000000111000000000000110100000000000000000000000000000000
0000000010111011 1011000000000111 1111111111111111111111111111111111111111010011111111111101001111 1111111111111011111111111111111011111011101111111101110111111111 1011111111110100001001111000011010010000110110001111010000100001 1011111100000000110110110000111101110000000001111101011100001101 0000000000000100000100000000100010000100000000000000100000000000 0000000000001011000000000000000000000000000000000000000000000111
0111000000000110 0000110100001011 1111111110001111111111111111111111111111111111111111111110011111 1111111101111111111111111011111111010111111111111111111111110111 1000100000000011010011111011111100100010010010001111100011111010 1101011100101100000011011011011101100000000001110111101011010000 0010000000000000000000100000110100000000001000000000000000000000 0000000000000000000000000000110100000000000000000000000000001011
0000101100000111 0000000001110111 1111111111111111111111110100111111111111111111111111111110001111 1111111111111101111111111111111111111011111110011110111101111111 0101111111111111111110111000000011110100011001001010100010101000 1110000010111100101101111011110011011101011101100111000010110000 0000000110000000000000000001001000100000000000001000000000000000 0000000000000000000000000000000000000000000001110000000000000111
1011000000000111 0111000010110000 1111111101001111111111111111111111111111111111111111111110001111 1111111111111110111101110011111110111111111111111111111111111011 0100111101001111010010000010001001000100010000001111010011111111 0111110100000000111001011111000001101011000100001110011110110000 0000010000000000001000000010000000001000000000000100000000100000 0000000000000111000000000000000000000000000010110000000000000000
0000110101110000 0000011101110000 1111111111111111111111110010111111111111100011111111111111111111 0111011111111111111111111111110111111111111110111111111011101111 1111001100111111010001011111100010100100111110000011001000100000 1110000000000010111010000100111010111011110111100011000110111001 1000000000000000000010001000000000000000000000100100000000000100 0000000000000000000000000000011100000000000001110000000000000000
0000101110110000 0000000010111101 1111111111111111111111110100111111111111010011111111111111111111 1111111111111111101111111111101111111111011110111111101101111111 1000001000101111100100101111110111110111010000101001111100000000 0000110111111011101111011110000011101011000011000000011100001001 0000000101000000000000001000000001000000000000100000100000000000 0000000000000000000000000000000000000000000010110000000000001101
0000000011011101 0000000001111101 1111111111111111111111111111111111111111001011111111111100101111 1101111111111101111111110111111111111101011111111111011111111111 0010111111111111111100010010000101001111100011110100000000001000 0000000111011011110100001011001000000111011110111101000011010111 0000000010000000000000001000001000000000000000011000010000000000 0000000000000000000000000000000000000000000001110000000000001101
0000000011011011 1101101100000000 1111111111111111111111111111111111111111001011111111111101001111 1111111111110111111111111101011111111111011111111110110111111111 0010010010001000100011001111001011111111000011111111011010000000 0000111111010000101110101100110100001011000011110011000001011011 0010000000000010000010000000000000001000000000000000000000100010 0000000000001101000000000000101100000000000000000000000000000000
1011000000001011 1100000011010000 1111111101001111111111111111111111111111111111111111111101001111 1111111101110111111111111111111111011101111111111101111111111101 0010101011111111000111001111001000010100110110000100111110100000 1100101110000000110101111100110101111101001010101101000000001101 0000010000000000010000000000000000000000000000100010000001000000 0000000000001100000000000000000000000000000011010000000000000000
0000101100001011 0000110100001011 1111111111111111111111110100111111111111111111111111111101001111 1111101111110111111111111101111111111111111110111101111111011111 1100110100011111111011111000000011111000100011100111111100011001 1011111011111101110011101011110101011101000010100000101101110000 0010000001000000000001000000100000000000010000000000001000000000 0000000000000000000000000000110100000000000000000000000000001011
1101000000000111 1011000001110000 1111111100101111111111111111111111111111111111111111111110001111 1111111111101110111111011011111111111101111111111111111111110111 1111000100101010111110000001000111110010010011001111010010001000 0000110101001011111111001011111100110000000000000011110101000110 0000010000001000100000000000000000000000000010001000000010000000 0000000000001011000000000000000000000000000001110000000000000000
0111000000000111 0111000000000110 1111111110001111111111111111111111111111111111111111111110001111 1111111101111111111111110111111111011011111111111101111111110111 0001010011110101100010000000010111101111110000100100111101001111 1011000010110011000011110000000011010111011100001011010110111101 0000000010000001001000000000000000001000000000000000100000000000 0000000000000111000000000000000000000000000000000000000000000110
