0000011110010000 0000110100000110 1111111111111111111110001111111111110110111111111111111111111111 0111111111111011111111111111011111110111011111111111111111111111 1111010010010001111100100010100000010100001101000100111111111000 1110001110111101011000001011001101111000001000001011100100000110 0000001000000010100000000100000000000000000000000010000000000000 0000000000000000110100000000000000000000000000000110000000000000
0000000010011011 0101011100000000 1111111111111111111111111111111111110110111111111111010011111111 1111111101111111111111011111111111110111111111110111111111111101 1111001001000010011111110011111110000100111101000100000010000100 0111001100000000000001111011111011010000110100001101111111010000 0000100000000000000001000000000000000000100000010100000000000000 0101000000000000011100000000000000000000000000000000000000000000
0101000010110000 0110101100000000 1111101011111111111111111111111111110100111111111111111111111111 1111111111111111111111111110111111110111111110110111111111101111 0110111100110101111110001000111101000011010000100101100010001100 0000111010010111000010111101101100001101000011100000111010100111 0000001000000000000000101000000000000000000010000000000000000010 0110000000000000101100000000000000000000000000000000000000000000
1010000000001001 1101000000001101 1111010111111111111111111111111111111111111111111111011011111111 1111111110111111011111111111111111111111111111111111111111011101 1111111110001000010011110001010110101111110011111011111110000110 1101111001111101110111010000110100001000011111101101101111011110 0100000000000010000010000000000000001000000000000000000001000010 1101000000000000000000000000000000000000000000001101000000000000
0000101110110000 0000100100110000 1111111111111111111101001111111111110100111111111111111111111111 0111111111110111111111111011111111111011101111111111111011111111 1000010000100010111001000001110001000100001011111111001001001000 0100101100000000110110100111000000000000001000010111101001110111 0000000010000000000000000000000000000000000001000010001000000000 0000000000000000100100000000000000110000000000000000000000000000
1001000000001011 0000011111010000 1111011011111111111111111111111111111111111111111111010011111111 1111011111111111111110111111111111011111111111111111111110111101 0010001101001011011011011010001010000000100011111111111111110101 1110101001111101111000000000000010011101110111111101000110110011 0000000000000000000000000100100000100000000010000010001000000000 0000000000000000011100000000000011010000000000000000000000000000
0000100100000111 0000110100001101 1111111111111111111101101111111111111111111111111111100011111111 0111111111111111111110111111111101111111101111111111111111111101 0000010001010010111100100010111100010100100010001111111111110101 0000101111011110010011010011001010110011001110111101000100001001 0000001000000100001000000100000000000001000001000000000000000000 0000000000000000110100000000000000000000000000001101000000000000
0000110110100000 0111100100000000 1111111111111111111100101111111111110101111111111111111111111111 1011111111111111111111111110110111111111111111111011101111111111 0100111111110010010000111111111101000100100001000010001011000100 0000011111110000100111011101101001110000000010110110011111000000 1000000000000000000000100010000000000000100000010000000000000000 0111000000000000100100000000000000000000000000000000000000000000
0000010111010000 0000000010111101 1111111111111111111110101111111111110010111111111111111111111111 1011111111111011111111111111111111110111101111110111111111111111 0100100011111111000010000010010011111111011011101110001010001111 1010111011101011000011010000101111011011000011100111011110010100 0000000001000100001000000000010000000001000000000000010000000000 0000000000000000000000000000000010110000000000001101000000000000
1011011100000000 0000000010100111 1111010011111111111110001111111111111111111111111111111111111111 1011111111111111111011111111111111111111011111011111101110111111 0010010111110100001000100000111101001111010000110100100001000101 0000110001010000010011001011101101110100000000000111100110011011 0000000000001000000000000000000001000100000000000000010000100000 0000000000000000000000000000000010100000000000000111000000000000
0000110100001011 1101000000000111 1111111111111111111100101111111111111111111111111111010011111111 1101111111111111111110111111111111101111101111111111011111111011 1111001001001111010011111000010000001000111111011111000010001000 0111011001011101011100000000011100001000110110111101111100100000 0100000000000000000001000000000000001000000000000000000001100100 1101000000000000000000000000000000000000000000000111000000000000
0111110100000000 0000011101110000 1111100011111111111100101111111111111111111111111111111111111111 1111111111111111011111111111110111111111011110111111110101111111 0010010000010000111110100100111110001000001010101000111100011000 0101011000000111101111110000111011111101000000000000000000001100 0000001000000000000000000000010010000000000010000010001000000000 0000000000000000011100000000000001110000000000000000000000000000
0111101100000000 0111000001110000 1111100011111111111101001111111111111111111111111111111111111111 0111111111111111011111111111101111111111111111101111111010111111 0000100011111011111101001110001010111111111010001000111110001010 0000000011011101011110111110000011010111011100000111011111011110 0001000010000000000000100000100000010000100000000000000000000000 0111000000000000000000000000000001110000000000000000000000000000
1011000000000111 0000000001111101 1111010011111111111111111111111111111111111111111111100011111111 1111101110111111110111111111111101111111111111011111111111110111 1110111110000000000001011001010011110010111111111011010001100100 1011111000100000110101100000011101000111101011110000101010111011 0000000000001000000000000000010000100010000000000000001000100000 0000000000000000000000000000000001110000000000001101000000000000
0000101100000111 0000101101110000 1111111111111111111101001111111111111111111111111111100011111111 1011111101111111111101111111110111111111011111111111111111111011 0001001000000010111101001000000011111111111100100010100000111111 0111010010110110000000000111111100001011101100000111000011101100 0000000001000000000000000010001000000000000001000001100000000000 0000000000000000101100000000000001110000000000000000000000000000
0000000011011100 1011011100000000 1111111111111111111111111111111111110010111111111111001111111111 1111111111111011111111110111111101110111111111111111111111111110 1111100001100001101111101111111011001111010001010100110001110111 1101101011011101101111010110011101110111011010111110111000000000 0010001000000000000000010010000000000000000000000001000000001000 1011000000000000011100000000000000000000000000000000000000000000
0000000010111011 0000011101100000 1111111111111111111111111111111111110100111111111111010011111111 1111111111011011111110111101111111011110111111111111111111111111 1010000101010110111100101111111101000110010001001000100000001000 0000000011110000110000001011100110111001000010110111111010010001 0000100000100000000000001000000000100000000010000000000000000000 0000000000000000011100000000000001100000000000000000000000000000
1011000000001011 0111000001110000 1111010011111111111111111111111111111111111111111111010011111111 1111101111011111111111111111111111011111111111011111111110110111 0100110000001000001011110100010011111111010011111000000111110000 0111111000001111000001110111000000001100000000110001111001111011 0000000000000000000001000000001001000000000100000000010000001000 0111000000000000000000000000000001110000000000000000000000000000
0000011101110000 0000000001111001 1111111111111111111110001111111111111000111111111111111111111111 1101111111111111111111111011011111111101111111110111101111111111 0010000000100010101010000010100011111111010010000000010011111111 1000001111111011000010000111101100011010110100000111000000000010 0000000010000000000000000000010001000100000000000000000001000000 0000000000000000000000000000000001110000000000001001000000000000
0000011100000111 0000000011011101 1111111111111111111110001111111111111111111111111111100011111111 1101111111011111111110111111111111111111101111111111110111111110 1111100000011111010101000001100010001000100001111000000110001111 1101101100001110111010110101011101001101011100000000000100000000 0000000000100100100000000000000000010001000000000000000100000000 0000000000000000000000000000000011010000000000001101000000000000
