0000001110110000 0111000011000000 1111111111111111111111111111110011111111111101001111111111111111 1111111111111111011111011111111111111111111101111111111111101110 1001010011110011100011001000100011101111010101011111010011110010 0000001100001101110101111011011110110111000100001100111011011011 0000000100001000000000000000000000000010000000001000000010000000 0000000000000111000000000000000000000000000011000000000000000000
0101000000000111 0111000001100000 1111111111111010111111111111111111111111111111111111111111111000 0111111111111011111111111111111111111011110111111111111011111111 1110010111110010001001001000111111111110100001000010001010000010 0000101011111011000001110100011111010000000000001010110110111101 0000001000001000000100000010000000000000000000000000000010000000 0000000000000111000000000000000000000000000001100000000000000000
1011000010010000 0000011100000111 1111111111110100111111111111111111111111111101101111111111111111 1111011111111111111111111101111111110111111101111011111111111111 1100000011111010111100100100100001011111001001010111001101111111 0111011011011111000001111110110101111101001101110111000001000000 0000000010000000000001000000001000100000000100000000000000000010 0000000000000000000000000000011100000000000000000000000000000111
1101000011010000 1100000000000111 1111111111110010111111111111111111111111111100101111111111111111 1111101111111011011111111101111111111111111111010111111111111111 0000000100110111111111110100100010001111111100000010010010011111 1011000000001101000000001111011111000111011100000111011110111011 0000000000101000000000000000000010000000000000000000000101000000 0000000000001100000000000000000000000000000000000000000000000111
0000011100001011 0000010101110000 1111111111111111111111111111100011111111111111111111111111110100 0111111111101111111101111111111111111111110111111111110111111101 0100111101001000111110001000100001000000001010110010010000101111 0000000000001001110100001001110111110000111111010011000001110000 0100000000000000000000000100000000000000010000100010000000000000 0000000000000000000000000000010100000000000001110000000000000000
0000110111010000 0000100111010000 1111111111111111111111111111001011111111111100101111111111111111 1111011101111111101110111111111111111111111101111111111111111101 1000101111111111011000010010000011111110010001001000110011010100 0000000011010111000110111110000001100111101101111011000110100011 0000000000000000000000101000000000000000010001000010000000000000 0000000000000000000000000000100100000000000011010000000000000000
0000011110100000 1101000000001101 1111111111111111111111111111100011111111111101011111111111111111 1111111111111111101110111111111110111111111110111111111111111101 1111010011111000100010101111111101001111111101000000100011110000 0111000011101111101111011101000110010111110100000000110110111001 0000000010000100000000000000001001000100000000000000000000100000 0000000000001101000000000000000000000000000000000000000000001101
0101000001110000 0000101100001011 1111111111111010111111111111111111111111111110001111111111111111 1111011111111111111111111011111111111111111111011011111111011111 1000110011110110111101000010010001000100000011110100111100101000 0000111010111011010101111101000000101001000000000000110111011110 1000000010010000000010000000000000000000000000000000000100000100 0000000000000000000000000000101100000000000000000000000000001011
0110110100000000 1011000000000111 1111111111111001111111111111001011111111111111111111111111111111 1111111111011111111111011011111111111111111111110111111111111101 1110001001000100011010000011111101111001000000101111111111111000 0011010011101110010011011011011001110111000111100000000001111101 0000000010000100001000000000001000000000000000000000010001000000 0000000000001011000000000000000000000000000000000000000000000111
0000000010110101 0111110100000000 1111111111111111111111111111111111111111111101001111111111111010 1011011111111111011111111111111111111111011111101111111111111111 0100001001001111100011111111110010000101010011110001001001000010 1101110111101101011100101011101000001000011001000100000001111000 0100000000001000000000000000000000000010100000000000000010001000 0000000000000111000000000000110100000000000000000000000000000000
0000101100000111 1101000010100000 1111111111111111111111111111010011111111111111111111111111111000 1011111111111111111111011111011111111111101111111111111111111100 1010100010000000010111110100111111100110100001001111001011110100 1001000011010000000011010110111010111011000011111101101111010000 0000000000001000100000000100000000001000000001000000000000000000 0000000000001101000000000000000000000000000010100000000000000000
1011000000001011 1101101100000000 1111111111110100111111111111111111111111111111111111111111110100 1111111111110111111111111101110111111101101111111111110111111111 1111100000001111111111111111000011110100001001001111000010101100 0111111101011100101100001011011100001011110000000111101111011010 0000000000000000100001000000000000000010010000000000000010001000 0000000000001101000000000000101100000000000000000000000000000000
0000110100000111 0000000001111011 1111111111111111111111111111001011111111111111111111111111111000 1011111101111111111111011111011101111111101111111111111111111111 1111010011111000101001000000100101001000101011110000111110010100 1101011100100000000011110111101101111100011010011000000000001101 0000001001010000000000000000000000000000000001001000100000000000 0000000000000000000000000000000000000000000001110000000000001011
0111101100000000 0000110100000111 1111111111111000111111111111010011111111111111111111111111111111 1111111111111101111110111011111111011111111111111110111111111011 1000111110000001000111000101010000010010010010011111011011111000 0110111010000000101001011101000000000100000011101101101111110110 1000000000100000000001000000100000000000001000000000001000000000 0000000000000000000000000000110100000000000000000000000000000111
0000101111010000 1101011100000000 1111111111111111111111111111010011111111111100101111111111111111 1111111001111111101110111111111111111111111111011111111111111110 1111001011110010110001011111000101000011010011001001001010001000 0000001110110000011000000001111100011001111001110111100010011101 0000000000000010010000100000000000000000000100000000000010000100 0000000000001101000000000000011100000000000000000000000000000000
0111000000000111 0000101111000000 1111111111111000111111111111111111111111111111111111111111111000 1101111111111011111111111110101111110111011111111111111111111111 1011101100010000111100101110010010010101010011110100111111101000 0000011001110111101000000000000011000111011111111101101110111101 1000100000000000000000000000000000000000010010000000000000001000 0000000000000000000000000000101100000000000011000000000000000000
0000101100001101 0000110100001101 1111111111111111111111111111010011111111111111111111111111110010 1011111101111111111101111111011111111111111111111111110111111101 1111000011111111110001001111001100100010111101000010111101000000 1101100101110000011101111101101011101100100001001110111000000011 0010000000000000000000010000001001000000001000000000100000000000 0000000000000000000000000000110100000000000000000000000000001101
0000011110110000 1011000000000111 1111111111111111111111111111100011111111111101001111111111111111 1111101111011111111011011111111111111111111111111111111111101101 1111010001001011101000101111111111100010001001111111100001001101 0000011101011110011110110000110100010000110111101111011111011011 0000000000001000100000000000100000100000000000000000010010000000 0000000000001011000000000000000000000000000000000000000000000111
0000011100001011 0111000010100000 1111111111111111111111111111100011111111111111111111111111110100 1101111111001111111111111111101111101111111111111111101111111111 1011111101001000010111001000100000011000110011111100010011110100 0011100010111101101101000000101100001101110111111010000011010000 0000010000000100001000000000000000000000000000100000000000100000 0000000000000111000000000000000000000000000010100000000000000000
0000101100001011 0000110100001011 1111111111111111111111111111010011111111111111111111111111110100 1111111111011111111101111111110110111111101111111111110111111111 0100111110100010100011110000111111110001011111101000000011110111 1101110111111010101010111100011101111110100101110000111000000000 1000000010000000000001000000010000000000001000000000001000000000 0000000000000000000000000000110100000000000000000000000000001011
0111000000000111 1101101100000000 1111111111111000111111111111111111111111111111111111111111111000 1111111111111011111111111111101111110111110111110111111011111111 1111010111111110101011110111010000101111001001000111000001001011 0111000010111101111110111001011100001101101101101100011111100000 1000000000000010010001000000000000000000000100000000000010000000 0000000000001101000000000000101100000000000000000000000000000000
0000011111010000 1011000000001001 1111111111111111111111111111100011111111111100101111111111111111 1111110110111111101110111111111110111111111101111111111111111111 1111000011110010111111001000011100011101011011110000111110100010 0111000010110111110001111010011110110111000000001100110110110111 0000000000000100000100000000000000010000000000000000100001000000 0000000000001011000000000000000000000000000000000000000000001001
0000110111010000 0111000011010000 1111111111111111111111111111001011111111111100101111111111111111 1111110101111111111101111111111110111111111111011111111110111111 0001100000011101111100000100110010000010111111111111111100100101 0000101111011011011001111101011101100000000011011101111111000000 0000100100001000010000000100000000001000000000000000000000000000 0000000000000111000000000000000000000000000011010000000000000000
1011000010110000 1011000000001011 1111111111110100111111111111111111111111111101001111111111111111 1111111111110111101111111111111111111101111101111101111110111111 0000010011110110011110000010111101001100101100001111111110000101 0000101111111011101111110000110110111010011100001011000000000101 0000000001000100000000000000000010000100000000000000100000010000 0000000000001011000000000000000000000000000000000000000000001011
