1100000010110000 0000100110110000 1111001111111111111111111111111111110100111111111111111111111111 1111111111110111110111111011111111111011111111111111111101111111 0011010111110100100000100110001011110010101011111000111100001111 1011000001110000011101110111101111010000000001110000111011011111 0000000000000000000000101000000000000000000001000100000000000100 0000000000000000000000000000100100000000000010110000000000000000
0000010100001101 0000001101110000 1111111111111111111110101111111111111111111111111111001011111111 1111111110111111111101111111101111111111101111111111111111111101 1111100001000100111100100000100111111111111110001111010010000100 1101000000001111101101111101110101111101100100000000100101110110 0100010000000000000000001000000000000000000001000000000000000100 0000000000000000000000000000001100000000000001110000000000000000
0101110100000000 1011000000001100 1111101011111111111100101111111111111111111111111111111111111111 1111110111111111101111111111110111111111011111111111011111111111 1000111101000100100001001000111101001100010001001111000011111010 1101111101111010000000001100000000000001000001110111001111011101 0000000001000100001000000000000000000100000000000000100000000000 0000000000001011000000000000000000000000000000000000000000001100
0000110100110000 0000110100001101 1111111111111111111100101111111111111100111111111111111111111111 1111111111111111111111111011110111111111110111111011101111111111 1000111111110101111100100000111101000101010001000100101000110101 1110011111101111110111011011000011100000000000001011101000001010 0010000001000000000000100000100000100000000000000000000000000100 0000000000000000000000000000110100000000000000000000000000001101
1011000000000011 0000000001110111 1111010011111111111111111111111111111111111111111111110011111111 1111101101101111011111111111111111111111111111011111111111111111 1010111101000010010100100010111110010101010010111111111111111010 0111011111110111111011010000000010010111011101111110000001111010 0000000000100000000000001000000000100000000010001000010000000000 0000000000000000000000000000000000000000000001110000000000000111
0000000010010111 0111011100000000 1111111111111111111111111111111111110110111111111111100011111111 1111111101111111111101111101111111111111111111111011111111111011 0010010100011000111101000110111101001000001110001001111100011010 1011011100001101000101110000110111111111000011010000000000001110 1000000000000100001001000000000000000010000000000000000000001000 0000000000000111000000000000011100000000000000000000000000000000
1011000010110000 1101000000110000 1111010011111111111111111111111111110100111111111111111111111111 1111011111110111101111111111111111110111111111111101111111011111 0001010000101111100000100100010000100100111111100001000101000100 1111101100000000000001110000011100001111000010111110000000000100 0000001000000010010000000000000000001000000000000100000000000000 0000000000001101000000000000000000000000000000110000000000000000
0111000011000000 0111000000000111 1111100011111111111111111111111111110011111111111111111111111111 1111111011111111101111111101111111111111111101110111111111111111 0100101011110010001011110001001001010100111111111000111101011011 0111101101110000011110111100011111010000110110000111110100010011 0000000000100000000100000000100001000010000000000000000010000000 0000000000000111000000000000000000000000000000000000000000000111
0000110001110000 0111000000001101 1111111111111111111100111111111111111000111111111111111111111111 0111111111111101111111110111111111111110111111111111111011111111 1111010010001111001010001000111101001011001000011000100011110100 1111101111010111000011110111111000000111000000001011000010000000 0000000000000000000100000000001001001000000000000000100000100000 0000000000000111000000000000000000000000000000000000000000001101
0000010110110000 0111000001110000 1111111111111111111110101111111111110100111111111111111111111111 1101111111111111111111110111110111110111111111110111111111111111 1001111111111111000010001101001011110100100001001000100010000101 0000000010110100101100100100000011110100011101111011101110110110 0000100000001000010000001000000000000000000000000100000010000000 0000000000000111000000000000000000000000000001110000000000000000
0000011100001100 1011000000000111 1111111111111111111110001111111111111111111111111111001111111111 1101111111011111111111111111111111111111111111111111101011111110 1111111111110010100000100011111110010100100011111000010100100100 1111101001110000110110111111000010110000000010110000101111011110 0000000010001000100000000000000001000000000000000000100010000000 0000000000001011000000000000000000000000000000000000000000000111
1011000000001011 1101011100000000 1111010011111111111111111111111111111111111111111111010011111111 1111111011011111111110111111111111111111111101111111111110111011 1111010001000010111100011111000011110010000001001111001010001111 1010111100000000000011011010111110001100011110110111000001110110 0000000000001000100010000000000000001000001000000000000000000100 0000000000001101000000000000011100000000000000000000000000000000
0111000011010000 0000100110110000 1111100011111111111111111111111111110010111111111111111111111111 1111111111111011101111111111111111111001111111011111111101111111 1000111111111111100011110100001011110001001000001100100001001001 0000000011100000011001110001101111001011011011010111011100110011 0010001000000000000000000001000000000000100000100000000000000000 0000000000000000000000000000100100000000000010110000000000000000
0111000000001011 1011100100000000 1111100011111111111111111111111111111111111111111111010011111111 1111100111011111111111011111111110111111111101111111111111111111 0100100000101110111111110111001000101000111111111111000010001000 0000111000001101011100001011011110110000111111011101011111010000 0000000000000000001000000000000000000100001000000000000010000100 0000000000001011000000000000100100000000000000000000000000000000
0111000010110000 0000001101110000 1111100011111111111111111111111111110100111111111111111111111111 1111111011111111111111111110111111111011111110111101111110111111 1111001000101111111110100010010000010010100000010110100000101111 0110110011010110000000001101110100000011101100000111101111010001 0000000000000000000001000100000000000000000100100001000000000000 0000000000000000000000000000001100000000000001110000000000000000
0000101111010000 1101000001110000 1111111111111111111101001111111111110010111111111111111111111111 0111111111111101111111110111101111111111111111111101011111111111 0000000110011000111111110100100010001111111110001001001110000001 0101010101111011111000001011010000011011111100000010110000000101 0000100000000100010000001000000000000000000000001000000001000000 0000000000001101000000000000000000000000000001110000000000000000
0000000010111011 1011101100000000 1111111111111111111111111111111111110100111111111111010011111111 1111111101111111111111011001111111111111111111111110111111111110 1111101001001111111111010010010001011111000111110100010000011001 0111110111011111000000001110011001100111001111000111110111100000 0000000000001000100010000000000000000000100000000000000010000010 0000000000001011000000000000101100000000000000000000000000000000
1011101100000000 0000000001111011 1111010011111111111101001111111111111111111111111111111111111111 0111111111111111110111111111110111111111111111101111011111011111 0100011111001100010011001100111100101000010011110100111111110000 0100111111010011111010110001000010101100011110111110000000001101 0000010000000000000000000100010000100000000000000010010000000000 0000000000000000000000000000000000000000000001110000000000001011
0000110110110000 0111000000001011 1111111111111111111100101111111111110100111111111111111111111111 1101111111110111111111111110111111111011111111111111100111111111 0101010001001011111111111111110100110011110011110111000011111000 1011110110111011101101111011110100001011000011011111110111010000 0000000001000100010000000000000010000001000000000000010000000000 0000000000000111000000000000000000000000000000000000000000001011
0000000011010111 0000101100001101 1111111111111111111111111111111111110010111111111111100011111111 1111111111111111111111011011111101110111111111111101111111110111 0000100000101111001011110010111100100000010000011111001011110100 0111110000000111000000000111111011111110000001110000000010011101 0001000000000000000000000000001001000000000100000000001000000001 0000000000000000000000000000101100000000000000000000000000001101
