0000011100000011 0000110101100000 1111111111111111100011111111111111111111111111111100111111111111 1111111111111111111111110111111111110111111111101011111101111111 1001100001001000111110000100111101001000111111111110111100000100 1001110100111101011101100000000010110000011100001110101111011110 0100000000000000000000100010000000000000000000001000000000000100 0000000000000000000000000000110100000000000001100000000000000000
1100000000001011 1011000001100000 0011111111111111111111111111111111111111111111110100111111111111 1111111111111111110111111111111011111111111110111111110111101111 0011001001000100100010000100010011111001111100011011111111110111 1000011110010000000001111101110101110111101111011001111000001010 0000100000000100000000000000000000000001000000001000000001000000 0000000000001011000000000000000000000000000001100000000000000000
0111000000000010 0000000011011011 1000111111111111111111111111111111111111111111111101111111111111 1111111111111111101111111111111011111111101111111111101111111111 1000010010101111111101000100110010101100111110101000111101001111 1101000000001101000011011001100111111011110010111011011101101011 0000000000000000000000001000010010000000000000101000100000000000 0000000000000000000000000000000000000000000011010000000000001011
0000101110110000 1100011100000000 1111111111111111010011111111111101001111111111111111111111111111 1111111110111111111111011101111111110111111111111101111111111110 0100010011111111100000100100111111111111011010010010000000000100 0110000011011101000010010011000001110101000011011001110100111111 0100000000001000000000000000000000000100010000000000000000000010 0000000000001100000000000000011100000000000000000000000000000000
1011000010110000 0000001110110000 0100111111111111111111111111111101001111111111111111111111111111 1111111111111111111110111111110101111111101111111111011111110111 1000111101000000001000100110111111110000010001001000001011111001 0110110100000000011010110000011111101100000011011110000000001111 0010010000000000000000000000000000000000000000100100000000001000 0000000000000000000000000000001100000000000010110000000000000000
0000000010101011 0000000001111011 1111111111111111111111111111111101011111111111110100111111111111 1111011101111111111111111111111111101111111111011111111111011111 0010001000001000111111011111111111111111001000111001001010011000 0111110101011110111000101110011110111101000011100011000000001011 0000000000000000000000001000100000100000000001000100001000000000 0000000000000000000000000000000000000000000001110000000000001011
0000000010110111 1010000000001101 1111111111111111111111111111111101001111111111111000111111111111 1111101110111111011111011111111111111111111110111111111111110111 0011111100101000010001001111000011110000101101000011010010001111 0011011101000111001111010000011001010000111110110000100111010000 0000000001000000100000000000001000000000000000000000001010000000 0000000000001010000000000000000000000000000000000000000000001101
0000110100000011 0111011100000000 1111111111111111001011111111111111111111111111111100111111111111 1111111111111111111111111101111111110111111111010111111101111111 1100100001000100100011110000110011111000001011110100001011111001 1110000011011100000011000000110110111001110100111110000011110000 1000000000000100001010000000000000000000010000000000000000100000 0000000000000111000000000000011100000000000000000000000000000000
0000011010110000 0111000000001011 1111111111111111100111111111111101001111111111111111111111111111 1111111110111011111111011111111111111111111111111011111111110111 0100001001110000010001001010010011111111111111111000001101000010 1101000001110100011100110001001111000010000001110111100110011110 0000000000001000000100000000000100100000000000000000001010000000 0000000000000111000000000000000000000000000000000000000000001011
0000110000000111 0000011100000111 1111111111111111001111111111111111111111111111111000111111111111 1111111111111111101111111110111111110111111111011111111111101111 0100100000101111110101000111001011111001100010010010111111001111 0000011100001001011111010111101111110111111100000111000001000111 1000000000100000000010000000100001000000100000000000000000000000 0000000000000000000000000000011100000000000000000000000000000111
0000000001111011 1011011100000000 1111111111111111111111111111111110001111111111110100111111111111 1111111111011111111010111111111111111111111111111111111100110111 0011001000011101111111110010110011111010010011100100100011101111 1101000000001011110110110111011101010111101000001011110101110111 0010000000000000000100000000000000000101100000000000000000000010 0000000000001011000000000000011100000000000000000000000000000000
0000101100000111 0000101100000111 1111111111111111010011111111111111111111111111111000111111111111 1111011111110111111111111011111111111111111101111110111110111111 1111111100101111010101101100100010000100110110111111010001000000 0000101100001011110100001000011111111100101101111010101111110000 1000000000100000000000000000000001000000010000000000100000001000 0000000000000000000000000000101100000000000000000000000000000111
1101101100000000 1101100100000000 0010111111111111010011111111111111111111111111111111111111111111 0111111111110111111111110111111111110111101111111111011111111111 1100001110011000100000101000111101000010100010101111010010110010 0000111100000000011111010011101010111100111010010011000000001010 0000000000001000100000100000000000001000010000000000000000000000 0000000000001101000000000000100100000000000000000000000000000000
0000011011010000 0111000010110000 1111111111111111100111111111111100101111111111111111111111111111 1111111111110111111101111011111101111111111111111111111111111110 1111001001010010001011110100010001000010100010011000010111110001 0000110011010101000010111010101100000000110111011101111100000000 0000001100000000000100000000000000000010000000100000000010000000 0000000000000111000000000000000000000000000010110000000000000000
1101101000000000 1101000001110000 0010111111111111010111111111111111111111111111111111111111111111 1111111111111111111111111111110111111101111011111101101111111111 1111100011110011001101111111010001000000111111110100111100011000 1101111100000111101111011001011111110000101100000000110111010111 0000001000000100010000001000000000000100000000000100000000000000 0000000000001101000000000000000000000000000001110000000000000000
0111000010110000 0111000001110000 1000111111111111111111111111111101001111111111111111111111111111 1111111110111111111101111111101110111111011111111111101111111111 0110000100001000010010011111111111110100001011010100010010000010 0000101110000000110110110000110001110000100111011111001100001100 0000000000000000010000000000000000001000000000100101000000010000 0000000000000111000000000000000000000000000001110000000000000000
0000110110110000 1011000000001011 1111111111111111001011111111111101001111111111111111111111111111 1111111111111111111101111101111101110111111111110111111111111011 1111100011111000100011000010010100000100010011110010011000100100 1101000011110000011100100000101001001000011110011110000001101100 0000000010000010001000000000000001000000000000000000000110000000 0000000000001011000000000000000000000000000000000000000000001011
1011000000000111 0111000011010000 0100111111111111111111111111111111111111111111111000111111111111 1111110111111111101111111111011011111111111001111111111111111111 0010100111000000001011111111001011111000010000100100110011111111 1011011111010000011011010000011100000111111101111011000000001101 0000000000000000001000000001000000001000000010010000000000100000 0000000000000111000000000000000000000000000011010000000000000000
0110000000001011 0000101110110000 1001111111111111111111111111111111111111111111110100111111111111 1111110111111111110111111111110011111111111111111111111101111111 0100110111011100010011111000011111111111111101001000000101001111 1011000001110101101110110000011111100111110100000111111101111100 0100100000000000000001001000000000000000000000000010000000001000 0000000000000000000000000000101100000000000010110000000000000000
1101000000001101 1101000001110000 0010111111111111111111111111111111111111111111110010111111111111 1101111011111111011111111111111111111111111011011111110111111111 1111111100111000000011111111111100100000010010000101001111111000 1011101100000000101001111101001010110101101101110000101101111101 0000001000000010000000000000000000001000000000000101000000100000 0000000000001101000000000000000000000000000001110000000000000000
0000101111010000 0111000000001101 1111111111111111010011111111111100101111111111111111111111111111 1111111111010111111111111111111110110111111111110111111111111011 0010100000101101011011111111000000101100010010101001001010001111 1011000011000111101100101100111100000000111001111011000001110000 0000000010001000000000000000001001001000000000000000000000100000 0000000000000111000000000000000000000000000000000000000000001101
1011000000000111 1011110100000000 0100111111111111111111111111111111111111111111111000111111111111 0111001111111111111111111111111111111111011101111111101111111111 1111010000100010111100001111001001111111100010001111100001001111 0000101100000110001111101011111111011101101101111100010100110000 0000000000001000100000010000000000001000001000000000000000000100 0000000000001011000000000000110100000000000000000000000000000000
