0000000001110010 0000000001111011 1111111111111111111111111111111110001111111111111101111111111111 1111111110111111101110111111111111111111111111111111111111111011 0100111100100100100110000101010010000011001111111111100011110010 1101111111001011111111001101000000000000000010111011101001110000 0010100000000000000000100100000000000000000000000010000000000001 0000000000000000000000000000000000000000011100000000000010110000
0000000010111011 1010000011010000 1111111111111111111111111111111101001111111111110100111111111111 1111110111011111101111101111111111111111111111011111111111111101 1101111011111111001011111000111010000001101001001111000111010000 0111101110110000011100001110101101111101000011010111110100000111 0001000000100000000000100000000010000000000000000000000000000010 0000000010100000000000000000000000000000110100000000000000000000
1101000011010000 0000000000110111 0010111111111111111111111111111100101111111111111111111111111111 1111111101111111111111111111101101111111110111111111101111110111 0010001000001011100001101100101010000010111100101111111100101010 1101011111100000110011111011000000000000101100001011101111010000 0000001000000000000010000001000000000000100000001000000000000000 0000000000000000000000000000000000000000001100000000000001110000
1101110100000000 0000011100001001 0010111111111111001011111111111111111111111111111111111111111111 1011111111110111111111111011111111111101110111111111110111111111 1000000001001111001111110000010001000101111100011111010010001111 1101000000101011000000000000101101111101111101011011111011010000 0000100000000100001000000100000000000000000000000000000001000000 0000000000000000000000000111000000000000000000000000000010010000
0000000001110110 1011011100000000 1111111111111111111111111111111110001111111111111001111111111111 1111111111101111011110111111111111111111111110111111111111111011 1111111101011000111010000100000000101110111100111010100011111111 0111000000000111101101111011111100010110011110110111101111010000 0000000000000010001000000000100000010000000000000000100010000000 0000000010110000000000000111000000000000000000000000000000000000
1011110000000000 1011000010110000 0100111111111111001111111111111111111111111111111111111111111111 1101111111111111111111111111011111111101011111110111111111111111 0010111100101111111111111111011001010100111001000000100010000100 1101110111101111101100001011000000000000111000001101111011011110 0000000001000000000010000000001001000000010000000000000000000010 0000000010110000000000000000000000000000101100000000000000000000
0000110110100000 0000000001110111 1111111111111111001011111111111101011111111111111111111111111111 1111111110111011111111111101111110110111111111111111111111111111 1111111100011111101110000001100111100100111000011101100001001111 1111000010100000011110011011110100001011011010110111101111101011 1000000000000000000001001000000000000000010010001000000000000000 0000000000000000000000000000000000000000011100000000000001110000
0110000001110000 0111000000000111 1001111111111111111111111111111110001111111111111111111111111111 0111111110111111111110111111111111111111111111111111011111110111 1111100110010111111101001111010010010010001010010001001000101111 0000110100000000011100001001011111011011110101101111111100011101 0000001010000000000000000000000010000000000000100100001000000000 0000000001110000000000000000000000000000000000000000000001110000
0000011100001101 0111011100000000 1111111111111111100011111111111111111111111111110010111111111111 1111110111111101110111111101111111111110111101111111111111111111 0100100011000010010111111111010011110000010011111001111110000000 1011101110110100110010100000000011111101000010110000111011101010 0000000001000100001000000000000000100100000000000000000100000000 0000000001110000000000000111000000000000000000000000000000000000
0000101100001101 0000110100000111 1111111111111111010011111111111111111111111111110010111111111111 1111110111110111011111111111111111110111111111111101111110111111 0010010101000100111111101111111100001111001001000010000000101001 1010110101111110100111000000000000001101110100111111110010000000 0000000100000100100000001000000000000010000000001000000000000000 0000000000000000000000001101000000000000000000000000000001110000
1011000001110000 0000000010111101 0100111111111111111111111111111110001111111111111111111111111111 1010111111111111111110111111111111011111011111111111111111110111 0100000100101111000100100100111101111111100000011111111111110100 0000100101111011001101111111101110111011001011011101000000000111 0000000000000000000010000010000000000000010000100100000000000010 0000000000000000000000000000000000000000101100000000000011010000
0000000001110111 1101000000001010 1111111111111111111111111111111110001111111111111000111111111111 1111101111111111111110111111111111011111111101111111111101111110 0010000001000100010111110100001011110010100010001000110011110001 0000000000100111000011110111000000001001111101110000110100001101 0000010001000000000000001000100000000000000000000000001000000000 0000000011010000000000000000000000000000000000000000000010100000
0111101100000000 0111000000001011 1000111111111111010011111111111111111111111111111111111111111111 0111111111111111111111111101101111110111111111110111011111111111 0010111110001101000010001101011111110000111111111000100010000101 1101101110110010101111100000100111100100000001110110101111100000 0000010000000000000000001000010010000000000000000010000100000000 0000000001110000000000000000000000000000000000000000000010110000
1011101100000000 0111110100000000 0100111111111111010011111111111111111111111111111111111111111111 1101111111110111111111111011111111111111110111110111101111111111 0000010001100101111110000010111100100100000001000010111111111001 0001101111011111000010101011000011010000000000011111100100001011 0000000000000100100000000000001000100000000000000000100000100000 0000000001110000000000001101000000000000000000000000000000000000
1100000001110000 1011011100000000 0011111111111111111111111111111110001111111111111111111111111111 1111111101111111111111111111011101111111111011111111111111111101 0010111100000010001011111111000111111111010001001000111111110001 0000101000001101101011011111010110110000011110111101010110110111 0000000000100010100000000000001000000000000000000000100000100000 0000000010110000000000000111000000000000000000000000000000000000
0000000010110111 0000000011010111 1111111111111111111111111111111101001111111111111000111111111111 1111011101111111110111011111111101111111111101111111111111111111 1101010011111000111111100100010000001000011011110010100010000100 1101111100000000000010111111000011010000110100001101011111010000 0100001000000000000001001000000000000000010000000100000000000000 0000000000000000000000000000000000000000110100000000000001110000
0000101110110000 1011101100000000 1111111111111111010011111111111101001111111111111111111111111111 1111111111111110111110111011111110111111111111110111111111111011 1111010001000010100011110100001000101000001000100000010111111000 1100000100001011001110001110011000000010101100000000111000001111 0000000000000100000000000000100000010010000000000000100001000000 0000000010110000000000001011000000000000000000000000000000000000
0000000010111011 0000011101110000 1111111111111111111111111111111101001111111111110100111111111111 1111110110111111101111111111111111101111111111111111111110111110 1111001101001111100000100100111101000100000010000101111111111000 0111000010011011111011010001000010110111010110111110100000001001 1001000000000010001000000000000000001000010000000000000000000000 0000000000000000000000000111000000000000011100000000000000000000
1101000000000111 0000101100001101 0010111111111111111111111111111111111111111111111000111111111111 1101111111111111110111111111111011111111111101111111111001111111 1111111101001111001000110010111100001110101001000011111111110000 1110101101110111110001111011101001111110000001001101101111000000 0000010000000000010000000000000000000100000001000010000010000000 0000000000000000000000001011000000000000000000000000000011010000
1011000010110000 1101000001110000 0100111111111111111111111111111101001111111111111111111111111111 1111111111111111111111011111110001111111011111111111111111110111 0011111101000000111100101111111001111110001000100100010010111111 1110110100001101101101110010011101010111100111001011000010011011 0100000000000000000000000000100010000000010000000000001000000010 0000000011010000000000000000000000000000011100000000000000000000
0000110110110000 0000000011011101 1111111111111111001011111111111101001111111111111111111111111111 1111111111011111111111110111111110111011111111111101111111111101 1000111100101000000111111000010010011000010111111000100010011100 0010111110010110010100001011110101110000001111110000111000000000 0010001000000000000001000100000000000000000001000000000000001000 0000000000000000000000000000000000000000110100000000000011010000
0111101100000000 0000110100001011 1000111111111111010011111111111111111111111111111111111111111111 1011111111110111111111110111111111111111011111110111101111111111 0100111111111001000010110010111111111000001001111000010000000011 0111110101110111110111110000000011010000111011010000010000001101 0000100000000000000000000000000000000010000000100010000001100000 0000000000000000000000001101000000000000000000000000000010110000
1011000000000111 1101000000001101 0100111111111111111111111111111111111111111111111000111111111111 1011101011111111101111111111011111111111111111111111011111111111 1000100111110101010100001111010001011111111100100010110011111111 0000000000001011110111110111111010111101101101110111110110011010 0000100001000000000000000000010000000000000000010100010000000000 0000000011010000000000000000000000000000000000000000000011010000
0111000001110000 0111011100000000 1000111111111111111111111111111110001111111111111111111111111111 1011111111011111111101111111110111111111011111111111111111110111 1111101011110000011000100000100000101111100111110111010001001000 1111101000000011101100001010000001110111110010110000011000011111 0000000010000100001000000000010010000100000000000000000000000000 0000000001110000000000000111000000000000000000000000000000000000
0000101100001101 0111000000001101 1111111111111111010011111111111111111111111111110010111111111111 1111110111111011011111111101111111111111111111011101111111111111 0110010100100100111111111111100100000100010111111000010010000000 0011101000000011101111011011011100000000010011010101010110110001 0000000001000000000000000000000100000000000000010011001000000000 0000000001110000000000000000000000000000000000000000000011010000
0111000000001101 0000000001110111 1000111111111111111111111111111111111111111111110010111111111111 1111111011111111011111111111111011111111110111011111101111111111 1111010010100101111100101000101010100100111100011111001000100010 0111011111011010110000001101111101110111110100000000000001010010 0000000000000000000000010010000000000000001001001000000000001000 0000000000000000000000000000000000000000011100000000000001110000
0000000001111101 0000011110110000 1111111111111111111111111111111110001111111111110010111111111111 1111111101111111011111011111111111111111111111111111111110101101 1111111100101000111101000000010100011100001011111000011011110101 1111011100000111000001111101000011011100111110110111000011010000 0100000000000000010000000000000000000010100000000000000010000001 0000000000000000000000000111000000000000101100000000000000000000
0000101101110000 1101011100000000 1111111111111111010011111111111110001111111111111111111111111111 1111111101111111111110111111111111111101111111111010111111111101 1111001011110101100000101011111101001111010011110010000010000001 0111011110110111111011011100111111010011000000000001000001110000 0000000000100010000100000000000100100100000000000000000000000000 0000000011010000000000000111000000000000000000000000000000000000
0111010100000000 1101000000001011 1000111111111111101011111111111111111111111111111111111111111111 1110111111110111111111110111101111111111111111111111101111111111 1111010010001000001101001001011011111111111100101000100111100001 0111000011010111010101101101011100011111011111010000000100001110 0000010000000000000000001000100000100000000001000000100000000000 0000000011010000000000000000000000000000000000000000000010110000
