0011000000001101 0000000011000111 1100111111111111111111111111111111111111111111110010111111111111 1111110111111111110111111111101111111111011111111111111111101111 1000110001000010101011110010111100101111010001001111000100100010 0000101111000110001110110000101101011011100011011101111000000000 0010000000000000000000010000000000000010000000000000000000011000 0000000000000000000000000000000000001100000000000000011100000000
0000101100000110 0000101100001001 1111111111111111010011111111111111111111111111111001111111111111 1111011111111111111111111110111111110111111101111011111111111111 0011110011111000010000011111001011111000001011111010001010001000 1100110110110111111011000000000011100000000010110010101111101010 1000000000100000000001000000001010000000000000000000000000000000 0000000000000000000010110000000000000000000000000000100100000000
1101110100000000 0000000001111010 0010111111111111001011111111111111111111111111111111111111111111 1011111111111101111111111101110111111111111111111101111011111111 1111111100101000100010001111001011011111110000000000010010001111 1011000000000000101011011011101100001111101110110000110001110111 0000000000000000010001000000000000000010000000000000000000100100 0000000000000000000000000000000000000111000000000000101000000000
1011110100000000 1100000000001101 0100111111111111001011111111111111111111111111111111111111111111 0111111111110111111111111010111111111111101111111111110111111111 1111000101000010001011110000011001001111111111110010010001000010 1101000001110000011101011010011100000111110110111100111100000000 0000100000000000000000100000000000000000100000000100000000000001 0000110000000000000000000000000000000000000000000000110100000000
1010000000001011 1101000010110000 0101111111111111111111111111111111111111111111110100111111111111 1111110111111111110111111111011111111111111011111111111101111111 0010111100101111111101010011001000101011000111110101010001000001 1001101111100111101010000111000000001101011111111101000001110000 0000100000000100010000001000000000000000000010000000000001000000 0000110100000000000000000000000000001011000000000000000000000000
0000000011010110 0111000010110000 1111111111111111111111111111111100101111111111111001111111111111 1111111010111111111111111111111111011111111110111111111111111110 0100011111110001010001000010010001001111010000101111111110000010 0000101111111111000010110000000000001011000110110000110111011011 0000010000000100000000000010000000001000000000100000000001000000 0000011100000000000000000000000000001011000000000000000000000000
0000101111000000 0111011100000000 1111111111111111010011111111111100111111111111111111111111111111 1111111101111110111111111011111110111101111111111111111111111111 1111111111101111001001001000111110000010000110000010001000111000 1111110111010101000001111110000001010000100001001101110010111000 0000000010000000000000000010000010000000000000101000010000000000 0000011100000000000001110000000000000000000000000000000000000000
1011000001110000 1011000000000110 0100111111111111111111111111111110001111111111111111111111111111 1110111101111111111111111111111101111111101111111111101111111101 1001100001101000000100100010111101101111111111110010110000000001 0000000110110000011111001110011110100000101000001101011111011110 1000100000000000000000001000000000000000000110000000000000000000 0000101100000000000000000000000000000000000000000000011000000000
0000110100000111 0111000000001101 1111111111111111001011111111111111111111111111111000111111111111 1111011111110111011111111101111111110111111111111111111111101111 0110000000100010001011000110010111111111010011110100100001000100 0000011110110000110011111111000101000000011110010111110000000000 1000100000000000000000100010000000000000010010000000000000000000 0000011100000000000000000000000000000000000000000000110100000000
0000110110110000 1011110100000000 1111111111111111001011111111111101001111111111111111111111111111 1111111101111011111110111011111101111011111111111111111111111111 1101001000000010111110011111001101001111010011001000000000101111 1010010100001001011110100111111000001001101110010111100110000001 0000001000100000000000000000100000000000000000011000010000000000 0000101100000000000011010000000000000000000000000000000000000000
1101101100000000 0111110100000000 0010111111111111010011111111111111111111111111111111111111111111 1110111111110111111111111011110111111101111111111111110111111111 0100010011110010111100001000000011111111000100100010001111111111 0000000001111111001111111011000011011011011110011101101100000000 0000010000000000000000000010000110000000000000100000100000000000 0000011100000000000011010000000000000000000000000000000000000000
1011000000001010 0000101100001010 0100111111111111111111111111111111111111111111110101111111111111 1101111111111111111111111111111111111111110110111111110111101111 1000111111110100111100100000001001000100111111110101010010001000 0000011111110010101000000000011111010111110011000111110010110000 0000000001000000000000000000000010000000010000000000010000000100 0000000000000000000010110000000000000000000000000000101000000000
1100000000001011 0000110101110000 0011111111111111111111111111111111111111111111110100111111111111 1110110111111111110111111111011111111111111111111111111101111111 0010001011110010001011111000001000101011010000100100100001101111 1110000000001100111011011011101100100000110100000011000100011011 0000000000100100100000000000000010000000000000000000000110000000 0000000000000000000011010000000000000111000000000000000000000000
0000000001111101 1011000000001101 1111111111111111111111111111111110001111111111110010111111111111 1111110101111111011111111111111101111111111111111111111110111101 1111101011111101001011110110111101001001001000110000011000000111 1111000010110000000010010111110111101101101110110000101011011101 0010010000000000000000000001000000000000010000000100000000001000 0000101100000000000000000000000000000000000000000000110100000000
1100000000001101 0000110110110000 0011111111111111111111111111111111111111111111110010111111111111 1111101111111111011111111111011111111111111111111111011111011111 1111010011111000100000001100111101001111101101111011100001001010 0111101111111011110100000000000011011000111011011011101100001011 0000000010000000100000000000100000100010000000000000000001000000 0000000000000000000011010000000000001011000000000000000000000000
0000101100001100 1101000001110000 1111111111111111010011111111111111111111111111110011111111111111 1111110111111101111111111111111111111011111111111101111111101111 1100010000101000111111000100111110000001111100110100010011110100 1101000000001011011101110111011111111111101100000000000000110000 0000000100001000010000001000000000000100000000001000000000000000 0000110100000000000000000000000000000111000000000000000000000000
1011000010110000 0000011100001011 0100111111111111111111111111111101001111111111111111111111111111 0111111101111111111111011111101111111111110111111111111111111101 0101100010001111100011111000000011111101100001011001001011001001 0011110111011001000000001011011100001001000000000111111111011011 0001000000000000000001000000011000000000100000000000100000000000 0000000000000000000001110000000000000000000000000000101100000000
0111000000001011 0000011110010000 1000111111111111111111111111111111111111111111110100111111111111 1111111111111111101111111111101111111111011111111111111010101111 0010010001000100111111111111001001001111101101001000001000001111 0111011110100111111100001011101100000111110100000000101100001001 0000000000000000001000000000001010000000000000000000100000100000 0000000000000000000001110000000000001001000000000000000000000000
0111000001110000 0000000001111101 1000111111111111111111111111111110001111111111111111111111111111 1101111111111111111101111111101101111111101111111111111111111101 1111100010100000000011110100111110010001111110000100111100101000 1110000001110000000111100000111111010000110111000011011100011101 0100000000001000010010000000000000000000000000000000000000100010 0000000000000000000000000000000000000111000000000000110100000000
0000000001111011 1011101100000000 1111111111111111111111111111111110001111111111110100111111111111 1111110110111111111111111111111101111111111110111111111110111110 1111011000001001100000100010100001001111111110001001001000101000 1110101100000111101100010000111100000111000000000011111000000011 0000100000000000000000000000010000100000000001001000000100000000 0000101100000000000010110000000000000000000000000000000000000000
1011110100000000 0000110100001011 0100111111111111001011111111111111111111111111111111111111111111 1110111111111110111111111110011111110111101111111111111111111111 0101111100111100110010000010111111110010000100001111100010001111 1010011101110011011101110000000011100100101101010111110101001001 1000000000000000000000010000001001000000001000000000000100000000 0000000000000000000011010000000000000000000000000000101100000000
0000101100001011 0000000011000111 1111111111111111010011111111111111111111111111110100111111111111 1111111111110111111011110111111111111111111110111101111110111111 1000111101001010010011110100001001111111000000000010111111111111 1101000000001100000011111101000010111101101111010111011111011100 0010000000000100000010000000000000001000100000000000000000000000 0000000000000000000000000000000000001100000000000000011100000000
0000000001111011 0111000000000111 1111111111111111111111111111111110001111111111110100111111111111 1111111101111111110111011111111111111111111110111111111111011101 1001001001100000101000100010111111111001000011001011111111110100 0000000011010111000111110000000011111011001010110110110101111101 1000100000000000000000100000000000000000001000101000000000000000 0000011100000000000000000000000000000000000000000000011100000000
0000000011010111 1011000001110000 1111111111111111111111111111111100101111111111111000111111111111 1111101111011111111111111111111110111111111101111111111101111101 1111100000000001010111111111100000100011000111000010101111110001 1111011111000111000000001101011100000100000000110101110101111101 0000010000000001000100000000000000000000000000010100000010000000 0000101100000000000000000000000000000111000000000000000000000000
