0000010100000111 0111100100000000 1111111111111111111111111111101011111111111111111111111111111000 0111111111011111111111011111011011111111111111111111111111111111 1000111100100010110001000101010011111000111111110010110000101101 0000110001110000101100001000101110111000110111011101011111011010 0000010000010000000000000010100000000000000000000010000000000000 0000011100000000000010010000000000000000000000000000000000000000
1101000000000110 0000101100001100 1111111111110010111111111111111111111111111111111111111111111001 1111111111111111111111110111001111111101111111110111111111111111 1001100111110010010010110010100010001000011011111111111101001000 1101101110110000011010000000110110111000011011010111000010111101 0010000000100000000000000000000000100000000000000000010000000100 0000000000000000000010110000000000000000000000000000110000000000
1101001100000000 0101110100000000 1111111111110010111111111111110011111111111111111111111111111111 1111111101111011111111111111111101111101111111111101111111111111 0000100011111111001011111000110110001000010000101111100010000010 1111000011011101010110111100000000000000000001111010110010011101 0000000110000000000000000000100000100000000000001000000000000000 0000010100000000000011010000000000000000000000000000000000000000
0000000000111011 0000011101110000 1111111111111111111111111111111111111111111111001111111111110100 0111111111111111111011111111110111111111111111111111110110111111 1000111110111000100000110010111110000100010011010100110111111010 0001101110111111000010110000000011011101010101110000101110110110 0000000010001000000100000000100000000001000000000000000100000000 0000000000000000000001110000000000000111000000000000000000000000
1011110000000000 0000000010110111 1111111111110100111111111111001111111111111111111111111111111111 1111111101111101111111111111111111110111111111111011111111111011 0001111100111000111110011000111111111000111101001000010000100000 1110000010100000110100110100011111011101000001010111010011001111 1000000000001000000100000000000000001000100000000000000000001000 0000000000000000000000000000000000001011000000000000011100000000
0000000001111100 1011000001110000 1111111111111111111111111111111111111111111110001111111111110011 1101011111111111111111111111111111111111011111011111111111011111 1001001000111111111111111101010000100111011111011100001100010100 1001000000001011101110111111001100001011110111011100101101111110 0000000000000001000000000010000000000010000001001000000001000000 0000101100000000000000000000000000000111000000000000000000000000
0000000011011011 0000011100000101 1111111111111111111111111111111111111111111100101111111111110100 0111111111111111101111111111111111111111110110111111110111011111 1111111100000101000000100010111110001111111111000010000101000100 0011011110110111011001011101110100000000111000000100001111100001 0000000000100000000000000000000000100000010000000000100000000010 0000000000000000000001110000000000000000000000000000010100000000
0000110110110000 1101000011000000 1111111111111111111111111111001011111111111101001111111111111111 1111111101111111011101111111111111111111111101111111111101111101 0010100011110000100011110101111100100010111010001111001000001000 0000101101110000000001111100011100000000011101100000101111011111 0000100000000010000000000001000000000000000001000000000000010000 0000110100000000000000000000000000001100000000000000000000000000
1011000000000111 0000110111010000 1111111111110100111111111111111111111111111111111111111111111000 0111111111110111111111111111110111111011011111111011111111111111 0111110101111000000010101111101111111111001011110010011010000000 1010111001110101111011010000000001110110011011011001101010111101 0000000000000000001000000000100000100001000000000000010010000000 0000000000000000000011010000000000001101000000000000000000000000
1100110100000000 1101000000000111 1111111111110011111111111111001011111111111111111111111111111111 1111111111110111111110111011111111011111111111111111111111111011 0101100001000000001000100101001000101111111110001111001110011111 0010011101111100000001101011111100000000111001011010101111100000 0010010000000000000000001000000000000000001000100000000000000100 0000110100000000000000000000000000000000000000000000011100000000
0000011100001011 0111000000001011 1111111111111111111111111111100011111111111111111111111111110100 1011111101111111111101111111101111111111111111111111110111110111 0010001010000001100111111111001000110000010001001111110000100100 0111010000000000111111011100100000000000101100010101000011111011 1000100000000000000000000100000000000000010000001000000000000010 0000011100000000000000000000000000000000000000000000101100000000
1011000000001010 1101000000001011 1111111111110100111111111111111111111111111111111111111111110101 0111111111111101111111110111111111111101111011111111111111111111 0010111100011111001101001110010101011011100000101111111100100010 0000111101111110100100000100011101111101000010111011010010111110 0000001000000000000001000000000000000000001000101000000000001000 0000110100000000000000000000000000000000000000000000101100000000
0000000010111011 0000110100000111 1111111111111111111111111111111111111111111101001111111111110100 0111110111111111101111111111111011111111110111101111111111111111 0000111100010100100010001111010100110100111101001111100011111000 0000011100001100110101110011000010110111011111110000110111010000 0000000000000000000000100000000100010000001000000000001000000100 0000000000000000000011010000000000000000000000000000011100000000
1011000000000111 0111000011010000 1111111111110100111111111111111111111111111111111111111111111000 0111111111111101111111110111011111110111111111111111101111111111 1000001011110001010111110010101011110000010010000010010001000100 1101010010110000011111111010000011111010111100000000000000000000 0000010000000000010000000010000000000010000000000010000000100000 0000011100000000000000000000000000001101000000000000000000000000
0000110110110000 0111000001110000 1111111111111111111111111111001011111111111101001111111111111111 1111111101111111110101111111111111111111111101111111111110111101 1000111100010000100001000010011110000100101101001111001011111111 0111111101011101101101101110000001010000101100000000011110110000 0000010000000000010000000010000000000100000000100000000000010000 0000011100000000000000000000000000000111000000000000000000000000
0000000010110111 1011100100000000 1111111111111111111111111111111111111111111101001111111111111000 0111111111111111011111111111011111111111111101111111101111101111 1000011111011000000000100100000011111111111111111011001011111000 0111101110110000101110100111001100001011000000110111101011011011 0000100010000000000000000000000000000000000001001000010000000000 0000101100000000000010010000000000000000000000000000000000000000
1101101100000000 0111110000000000 1111111111110010111111111111010011111111111111111111111111111111 1111111111111101111111011110111101111111111111110111111111111101 1111111110011111001010111111001000000010011011000011001111110000 0000011100000111011100000011110110101001110101111011011111011011 0000000000000000000000000100001000000000000000011000010000000000 0000011100000000000011000000000000000000000000000000000000000000
0000011101110000 1011000000000111 1111111111111111111111111111100011111111111110001111111111111111 1111101111111111111111011111111111101111111111101111111111101110 1111111110110010111101000100010010010000111101001000100011110100 1111000000000000000001011011000011010111101111111011110110110110 0010100000000000000000000000000000000000001001001000000000000001 0000101100000000000000000000000000000000000000000000011100000000
0000101100000111 1101000000001101 1111111111111111111111111111010011111111111111111111111111111000 0111111101111111111111111111011101111111111111111111110111111011 0010111101100100000010001000111111110110101000011011100111110100 0000000001111000111111110000000011010111110010110111101101010110 1000010000000000000000100100000000000000000000000100000000000100 0000110100000000000000000000000000000000000000000000110100000000
0000000001111011 1101010100000000 1111111111111111111111111111111111111111111110001111111111110100 1011111111111111011111111111111111111111101101111111111011011111 0100111110001000001011110010111100100100111001011000100110000010 0111101000001110101100110000011110110001000011010000110100001101 0000010000000000000000000000000100000000000000100100100000000000 0000110100000000000001010000000000000000000000000000000000000000
0000110100000111 0111000000001011 1111111111111111111111111111001011111111111111111111111111111000 0111111101111111111110111111011111111111111011111111111111111101 0010010101000000001111110100111111111010000110001000100000110010 1011000001110101001001111110010111110100110001000000000010110000 0100100000000000000000000010000000000000001000001000000000000100 0000011100000000000000000000000000000000000000000000101100000000
0000101110110000 0000110110110000 1111111111111111111111111111010011111111111101001111111111111111 1111011111111111110110111111111111011111111111111111111111011011 1111111110001111000000000100001001001111111110111000011101000010 0111111000001110000000000000101001110111111110111101000011011101 0000000000100001000000000000100010000010000000000000000000010000 0000000000000000000011010000000000001011000000000000000000000000
