0101000011000000 0000110100000011 1111101011111111111111111111111111110011111111111111111111111111 1111111111110111101111111111111111111011111111111111111101111111 0101111101001100100101000100001011111000100001000010010011111111 1101100111111011101011010111101100000000101011011101000000000000 0000000000100000000000010000001000100000010000000000000000000000 0000000000000000000011010000000000000000000000000000001100000000
0011000000001101 0110110100000000 1111110011111111111111111111111111111111111111111111001011111111 1111101111111111111111101111111101111111111111111111111110111011 1000010001001000001011000100100111110001111100101000100000111111 1011000111100000000000001110011111000000110100000011100110111110 0000000000100000000000000010000010000000000000100000000100000000 0000011000000000000011010000000000000000000000000000000000000000
0000110000000111 0111000010100000 1111111111111111111100111111111111111111111111111111100011111111 1111111111111111111110111111111111011111110111111111011111111110 1111111110110010010000000010001010001000001011110100010011111111 1101110110110000111100001010011100001100110101111101000000001011 0000000100000100010000000010000000000000000000001000000000000000 0000011100000000000000000000000000001010000000000000000000000000
0000101100000101 1101010100000000 1111111111111111111101001111111111111111111111111111101011111111 1101111110111111111101111111011111111111101111111111111111111111 1000001000101111011010000001010010100010100000101111111110101000 1101000111110100011111011101001000001011000000001100000001110001 0000000010000000000000000100000000000000000001001000010000000000 0000110100000000000001010000000000000000000000000000000000000000
1101000000001001 1101000000001011 1111001011111111111111111111111111111111111111111111011011111111 1111111111111111110111011111111111111111111111101111111110111101 1000100110101001111111010100000101000101001010001000111111110010 0101000011011110000000111101000010110011001101011111010101110000 0100010000000000000000000100000000000000001000000100000000001000 0000110100000000000000000000000000000000000000000000101100000000
0000000010101101 0111011100000000 1111111111111111111111111111111111110101111111111111001011111111 1111111111011111111111011111111111111011111111111101111111111110 0101100000101101001011010110110011110001010011111000100011111111 0111000011010111111101100000101100001101101011100111110000011110 0000100001000000000000000000010001000000000000101000000000000000 0000011100000000000001110000000000000000000000000000000000000000
0000000011011011 0000011101110000 1111111111111111111111111111111111110010111111111111010011111111 1111111111111011111110111011111111010111111111111111111111111110 1111010001001111111100001111010111111111110011110111010000100000 0111011110111101111011010111110110101111000010111011000010110000 0000000010000100000100000000000010001000000000000000010000000000 0000000000000000000001110000000000000111000000000000000000000000
0000110110110000 0000011100000111 1111111111111111111100101111111111110100111111111111111111111111 1011111111110111111111111111110111111011110111111101111111111111 0000111011111000111100100111000110001000100000010110111101001001 0000101110100111000011001101000001010000111001110001000101111111 1000000001000000000000000000010000000000000100000000001000000100 0000000000000000000001110000000000000000000000000000011100000000
0111000010110000 0000000010011101 1111100011111111111111111111111111110100111111111111111111111111 1111101111111011111111111111111111110111111101111011111111101111 1111111111111000001010011111000110100010100000100110000010001000 0000011000000000110100001011100111110000011101110010111011011101 1000000000001000001000100000000000000000010000000000000000000000 0000000000000000000000000000000000001001000000000000110100000000
1011000000001011 1011000001110000 1111010011111111111111111111111111111111111111111111010011111111 1111110101111111101111011111111111111111111111011111111111111110 0100001010000000111101001111111110000000010000100101111110001111 0000000011010000011101110110110101111101000010100000111110110001 0000010000000000000000000000000000000010000001000001000001100000 0000101100000000000000000000000000000111000000000000000000000000
0000011101110000 1101000000000111 1111111111111111111110001111111111111000111111111111111111111111 1111111111111011111111111101110111111111011111111110101111111111 1111011110011111001001010010010111111111001001001000010011010000 1011110100111011000010001101000011011110011000000111010111101110 1000001000000000000000100001000000000000010000100000000000000000 0000110100000000000000000000000000000000000000000000011100000000
1100011100000000 0111000011010000 1111001111111111111110001111111111111111111111111111111111111111 0111101111111111111111111111011111111111111111111111110111011111 0100101010100001011100001000111110101111111111111111001110000100 1101110001110110011101110010000001111110000011010111110110111000 0000100000000000010000000000000000000100000010000001000010000000 0000011100000000000000000000000000001101000000000000000000000000
1011100100000000 0111110100000000 1111010011111111111101101111111111111111111111111111111111111111 1111111111111111011111111111011111111111111110111111101101111111 1000010001000000111110001111011010011111000111110100001011111000 1001000000100111011101111011000000001101000011111101010111100011 0000100001000000000000000001010000100000000010000000000000000000 0000011100000000000011010000000000000000000000000000000000000000
0000000011011101 1101000000000111 1111111111111111111111111111111111110010111111111111001011111111 1111111111011111111101111011111111011011111111111101111111111111 0100100000001111111111110010111100001000111111111000000000101111 1111110101111100011100001011110100001100011100010111110100000001 0010001000000000000000000000000000000000010000101000000000001000 0000110100000000000000000000000000000000000000000000011100000000
0000000010111101 0111000000000111 1111111111111111111111111111111111110100111111111111001011111111 1111111111111101111111011101111111101111111111111011111111111110 0010011101011111010110001111000110101111111111000101001010010001 1000011001111110101100001101110100001011000011100111011101111101 0000100000000000000000000000000000000000010000101000000000001100 0000011100000000000000000000000000000000000000000000011100000000
1011000001110000 0111000001110000 1111010011111111111111111111111111111000111111111111111111111111 1111111111111111011111110111111111111101111101111101111110111111 1111010011111000011001000100101100101010000011110000111100100100 0000110011100000110111000000011101110111110110000111000000001111 0000000000001000000000000000000000000100000000101001000001000000 0000011100000000000000000000000000000111000000000000000000000000
0000011101110000 0111010100000000 1111111111111111111110001111111111111000111111111111111111111111 1111111111110111111111111101110111111111011111111101110111111111 0001111101001000111101001000000011110110100010010100001000011111 1111101111010111110100001000000000000001000101101011011000001101 0000010000000000000000000010001001000000000000000010000000000000 0000011100000000000001010000000000000000000000000000000000000000
0111110100000000 1011011100000000 1111100011111111111100101111111111111111111111111111111111111111 0111101111111111111111111111111111111111011101111111011111101111 1111010010000100001001000100010101010000001011110010111100011010 1000101110010000000001110000110110110000111011111101001000000001 0000001000000000000000000010010000100000000010000000000100000000 0000101100000000000001110000000000000000000000000000000000000000
0000000010111011 1101000011010000 1111111111111111111111111111111111110100111111111111010011111111 1111111101111011111111110111111111101111111111110111111111111011 0001111100000010100111111110111110111111010010011101111111110000 0000110101111001011111100111000011010111011110111011111010111010 0000001000000100000000000001000000000010000000000010000000010000 0000110100000000000000000000000000001101000000000000000000000000
0000101100001101 1010011100000000 1111111111111111111101001111111111111111111111111111001011111111 0111111111011111111101111111111011111111111111111111111011111011 0010110010000010101110010101000111111111001110010100010011110100 0111000010110111110000000111000001001101000011011110111001100111 0000100000100000000000000000001000100000000000000100000000000000 0000101000000000000001110000000000000000000000000000000000000000
