0000000000111011 0101011100000000 1111111111111111111111111111111111111111111111001111111111110100 0111111111111111111111111111111111111111111001111111101111101111 1000111100100011110001100100100111110011001011111000011010000100 1010011010110110011111010000000000000101101111001011000001110111 0000000001000000100100000000010000000100000000000000000000000000 0000000001010000000000000111000000000000000000000000000000000000
0000000010010111 1101000001110000 1111111111111111111111111111111111111111111101101111111111111000 1011111111111111111111111111101111111111111110111111111010111111 0010111111110010101110001001001001001111001000001111001101001111 1101001010011100110100001011000011101011000011011000111111011011 0001000001000000000000100000000001000000000000000000001000000100 0000000011010000000000000000000000000000011100000000000000000000
0000110100001001 0000101110110000 1111111111111111111111111111001011111111111111111111111111110110 1111111101111111111101111111111001111111111111111111101111111111 1111100011001001001000000101011010000010111111110101111111001111 0110011101110111011101111011011101110000011100000000111111010000 0010000000000001000001000000000000000100000100000000000010000000 0000000000000000000000001011000000000000101100000000000000000000
1011000001100000 0111000010110000 1111111111110100111111111111111111111111111110011111111111111111 1111111111111111011111111110111111111011111101110111111111111111 0010100001000100111111111111010000000010100011111000001011110011 0111000000001011101100001111110110110000011011111110000001110000 0001000010000000000000000000010010000000001000000000000000000100 0000000001110000000000000000000000000000101100000000000000000000
1100000010110000 1101101100000000 1111111111110011111111111111111111111111111101001111111111111111 1111110111111011101111111101111111111111111111111111111101111111 0010010110001000001011111000111111010011000101001111010011110101 1111011100000111000010110000101111010101100011101101000011001011 0000000000001000010000000000000101000000000000000000001000010000 0000000011010000000000001011000000000000000000000000000000000000
1011101100000000 0111000001100000 1111111111110100111111111111010011111111111111111111111111111111 1111111110111111111110111101111111111011111111111101111111111110 0101111111111111010000001100111111111010000001011000001010001000 0000100110110101110101110111000011110000000010011011101101101101 0010000010000000000000100000001010000000000000000000000000000000 0000000001110000000000000000000000000000011000000000000000000000
0000110000000111 0000101101110000 1111111111111111111111111111001111111111111111111111111111111000 1110111101111111111111111111011111111111111111111111011111110111 1110001111111111010010001000000011111001010011101111111100100100 0000011111011011111111011110011111010000110100000110000001111011 1000000000000010010000010000000000000000000100000000000010000000 0000000000000000000000001011000000000000011100000000000000000000
0000000010101101 1101000011010000 1111111111111111111111111111111111111111111101011111111111110010 1011111111111111111111111111111111111111011110111111111011101111 0010010001001111111111110100001011101111010100101001001001000011 1111000000101101101111011111011100001011000000001011010100110101 1000000010000000000000000000000001000000100000000000100000000010 0000000011010000000000000000000000000000110100000000000000000000
0000011110110000 0000110100001100 1111111111111111111111111111100011111111111101001111111111111111 1111110110111111011111111111111101111111111110111111111111111011 0000111101010010111100101011010110010100001000010010001011111000 0000000000000111101100001111000010110000110101110111000001111111 0000000000000010001000000010000000000000000001000000000001000000 0000000000000000000000001101000000000000000000000000000011000000
0000101111010000 0000000001111010 1111111111111111111111111111010011111111111100101111111111111111 1111110110111111101110111111111111111111111111011111111111111011 0100001010000000010000001001100000101111010000101111101011111111 1101110000001011110101110000000001010111000010111110111000000000 0100000100000000000001000000000000000000000000000001000000000001 0000000000000000000000000000000000000000011100000000000010100000
1101000000000111 1001000001110000 1111111111110010111111111111111111111111111111111111111111111000 1101111111111111111111111101101111111011111111111110111011111111 1011001001001000010001001110001011010100100011111000001011110010 1101110100001011110110110000000000001001000001110011011100001011 0000000000000000000001010000000001000000000000000000100000001000 0000000010010000000000000000000000000000011100000000000000000000
1101110100000000 1001000000001101 1111111111110010111111111111001011111111111111111111111111111111 1111111110110111111110111011111110111101111111111111111111111111 1111010011111111010000000010001001101111000000111100010100100100 0000011101111101000010110111110000001111101101110000000000001101 0000100000000000000000000010000100000000000000100000010000000000 0000000010010000000000000000000000000000000000000000000011010000
0000110100001011 0000011100000111 1111111111111111111111111111001011111111111111111111111111110100 1111111101111111111101111111101101111111110111111111110111111111 1000010001000100001111110000001010000000011011111111101011110101 0000110101111111010010101101110100000000101101100000011101110000 0000001000000100001000000001000000000000000001000000000001000000 0000000000000000000000000111000000000000000000000000000001110000
0000101100001011 1011000000000111 1111111111111111111111111111010011111111111111111111111111110100 1011111101111111111111111111111111011111101111111111110111111110 0010001000101011111111110110111100100101100011110000010001001111 0010101110111011010000101011111000000000110111101111011100000111 0000100001000000000000000000001001000000000000100100000000000000 0000000010110000000000000000000000000000000000000000000001110000
0000000011010111 1101000000001010 1111111111111111111111111111111111111111111100101111111111111000 1101111111111111011111111111011111111111111111011111011101111111 1111111100011111001010001111010001001010110001000000010011110000 0000110100001000011100001111110101001011101100001101001001111011 0000000000100000000000001000000000100000000000100000100000000000 0000000011010000000000000000000000000000000000000000000010100000
1011110100000000 0111000000000111 1111111111110100111111111111001011111111111111111111111111111111 1111111101111111111111110111111111010111111111111011111111111110 1000010100001111000111110010111101000011111111101111100010001011 1101011111100000110001111101111000001100111010100111111010110000 0000001010000000000000001000000000100000000001000000100000000000 0000000001110000000000000000000000000000000000000000000001110000
1011000000000111 0000000001111011 1111111111110100111111111111111111111111111111111111111111111000 1101111111110111111111111101101111111111111111110111111011111111 1000010111110100000111110001101101001001100001000010111111110001 0000011110111011000101111100110010110111011000100000101100001110 0000010000000000000000010000000000000000001001000001000000000100 0000000000000000000000000000000000000000011100000000000010110000
0101000000001011 1101000001110000 1111111111111010111111111111111111111111111111111111111111110100 1111111111111111111111111111110111111111101111111010110111111111 0010001111111111111111110010100010011000001001000011010110010100 1010000011101111110110111111100110111011000001110000011100000000 0100000001000000000000000000100000000000001000000000001000000010 0000000011010000000000000000000000000000011100000000000000000000
0000000001110111 0000000011011011 1111111111111111111111111111111111111111111110001111111111111000 1110011111111111110111111111111111111111101101111111110111111111 1001111111101111001010000100001101110000010001001000001011111010 0000001011101011000001111110100000001101110010110000110111011110 0000000100000000000010001000000000000000010001000000000000000010 0000000000000000000000000000000000000000110100000000000010110000
0000000010110111 0000110100000111 1111111111111111111111111111111111111111111101001111111111111000 0111111111111111111111111111111111111111011110101111110110111111 1000111101001111001100100010101011110110110000100010001000010010 0000011110100101000111011011000000000111100101110001101100000111 0000001000000000000000000000000000001000000000100001000010010000 0000000000000000000000001101000000000000000000000000000001110000
0111000000001101 0111000000001101 1111111111111000111111111111111111111111111111111111111111110010 1111111111111111111111111110110111110111011111111011111011111111 1000010000010010011001011001100101000001100010001111111110001111 1111110110111001000111010111111110100000000010000000000010110000 0000001001000000000000000000001000100000000001000010000000000000 0000000001110000000000000000000000000000000000000000000011010000
0000011100001011 1011000011000000 1111111111111111111111111111100011111111111111111111111111110100 0111111101111111111110111111110111101111111011111111111111111111 1111111111001111111110000100100000001001001100110010010111011100 0000000000001111100111011011101110100111011110111101101111010000 0000000000000000000000000000001001000000010000000000100000001000 0000000010110000000000000000000000000000110000000000000000000000
