0010000000001101 0111011000000000 1111110111111111111111111111111111111111111111111111001011111111 1111111111111111111101111111111111011111111111111111111101111101 1000001010101010111100100010111111001010010001001000111111111000 0001000011010111010011011011010011100111000000001011001101111011 0000000001000000100000000000010000010100000000000000000000000000 0000000001110000000000000110000000000000000000000000000000000000
1010000001110000 0000011110010000 1111010111111111111111111111111111111000111111111111111111111111 1111111111111101011111111011111111111101111111101111111111111111 1111100011111110011011111010100101001000010001001000101001000110 1101000011111011011101110000110100001000010100001011110101101100 0010000000000100000000000000000000000010010000000000000001000000 0000000000000000000000000111000000000000100100000000000000000000
0000001100001101 0000000010111100 1111111111111111111111001111111111111111111111111111001011111111 1111111110111111111111111111111101111111101111111111011111111101 1111001100011100010000111000100001111001010000110111111101101111 1011110010110000011100001011110110111111110010110000011100001011 0000010000000000000000100000000000000000010000001000000000000100 0000000000000000000000000000000000000000101100000000000011000000
0000101100000011 0111101100000000 1111111111111111111101001111111111111111111111111111110011111111 0111111111111111111111111111111110111111101111111111011111111101 0100101001000110100001001111001000011000010001000001111100101111 0000000000000000100100000101000011110000101111010111111101110111 0000000000000000001000000000010010000001000000000000000101000000 0000000001110000000000001011000000000000000000000000000000000000
0000011100000011 0000101111010000 1111111111111111111110001111111111111111111111111111110011111111 0111111101111111111111111111101111111111111111111111101111111011 1011010010100100010011111111001010110010011011111111001010000000 0000111111010000101100101101110110000000111001111000011111011100 0100000000000100000010000000000000000010010000000000000001000000 0000000000000000000000001011000000000000110100000000000000000000
0111000000001001 0000011100000111 1111100011111111111111111111111111111111111111111111011011111111 1111101111111111110111111111111111011111111111111111111111101101 0011111111111111111101011100101010000100111110010000010000100011 0110011101110111011111010111100100000000101101011111110100001010 0000000000001000100000001000000000000100000001001000000000000000 0000000000000000000000000111000000000000000000000000000001110000
0000011110110000 1101100100000000 1111111111111111111110001111111111110100111111111111111111111111 1111111111111011111111110111111111111111101111110111010111111111 0100111101001000110100100010001111111100010001001100100000101111 1101101100000011000010011001110111100111000101010000000011011110 0000000000101000010000000000000100000000000000000000001000000000 0000000011010000000000001001000000000000000000000000000000000000
0000011100001010 0000110101110000 1111111111111111111110001111111111111111111111111111010111111111 1011111111111111111110111111111111111111101111111111011111111101 0101010010001000001000010101111111110001100101000101100011110100 1000110111100111000011001110110111000100110000000000000010110111 0000000000000000000110000000000000000000001000000000000001101000 0000000000000000000000001101000000000000011100000000000000000000
1011000000001011 1011100100000000 1111010011111111111111111111111111111111111111111111010011111111 1111111111111111110111011111111110111111111111011111111110111101 0010010000010100111111110010111100000101111101000100010011110000 1011000011111101101101011011000100001010101000011011011100000000 0000000001000000000000000000001001000100000000000000000001000000 0000000010110000000000001001000000000000000000000000000000000000
0000110101010000 1011000000001101 1111111111111111111100101111111111111010111111111111111111111111 1101111111111111111111111111011111111101101111110111111111111111 0000100101000111001000101000111111111111111110011000001011000010 1011000011111111101100001101000001110000011110111011000000000111 0000000001000000000000000010100000010000000001001000000000000000 0000000010110000000000000000000000000000000000000000000011010000
0000000010111011 0111000001110000 1111111111111111111111111111111111110100111111111111010011111111 1111111111111110111110111011111111011111111111111011111111111110 0000110011111111001011110100110110000001001011111111111111101000 0000110110111101011011100111011111100111000010110000011111011101 1000000010000000000000010000000100000000000000000000100000000100 0000000001110000000000000000000000000000011100000000000000000000
0000101100001011 1101110100000000 1111111111111111111101001111111111111111111111111111010011111111 0011111111011111111111011111101110111111111111111111111111111111 1111010010111110000000100010010011000100010011111000111111110010 0000111111110110101100000111011011010000011100001101100100000111 0000000000100100000000000000000000100001000000000000100000100000 0000000011010000000000001101000000000000000000000000000000000000
0111000000001011 1011000011010000 1111100011111111111111111111111111111111111111111111010011111111 1111110110111111101111101111111111111111111111111111111111100111 0100000110101011100100100100001011111101001001000010010100101111 0110000001111001000001111111000001001101101111110000001100000110 0000000001000000000010000000100000010000001000000000000000001000 0000000010110000000000000000000000000000110100000000000000000000
1001000000001011 0000011101110000 1111011011111111111111111111111111111111111111111111010011111111 1111011110111111111111111111111110111111111111011111111111111110 0111101111111001001001001111000100111111001100101111001010000010 1011101110111011110100000000000011011111000111010100101111011010 0001000000000100010010000000000000000010001000000000000000000000 0000000000000000000000000111000000000000011100000000000000000000
1101000000000111 0000000001101011 1111001011111111111111111111111111111111111111111111100011111111 1111111001111111111111011111111101111111111111011111111101111111 1111010011110010010000010100111110111000001010001110100000000011 1011010101110000000101111110110001110000000000000000110110111110 0000000000000000000000100001000000000000000110000100000000000000 0000000000000000000000000000000000000000011000000000000010110000
1011110100000000 1101000001100000 1111010011111111111100101111111111111111111111111111111111111111 1101011111111111101111111111111111111111101111011111110111111111 1000010000101111100000001111010100011000001000101001111110001000 0000011100001101101111011111010011000000000000000000010101011011 0001000001000000000000000000010000000000010000000000010000000000 0000000011010000000000000000000000000000011000000000000000000000
1011000010110000 0000110101110000 1111010011111111111111111111111111110100111111111111111111111111 1111110111110111111111111111111111110111111111011101111110111111 0010100011110110100100010010001011001111010011111111001111000000 0000111110101111110101101000011100111011000000001001000011010111 0000000000000100010001000000000000000010001000000000000000001000 0000000000000000000000001101000000000000011100000000000000000000
0000110101110000 1001000000001101 1111111111111111111100101111111111111000111111111111111111111111 1011111111111011111111111111111111111101101111111011111011111111 0110100011110110100010001101111111011000010001010100001010000011 0000010110110000110010111001011111101101111000000000000011101110 0000000000100000000000001000000000000000000000100010100000000000 0000000010010000000000000000000000000000000000000000000011010000
0000110100000111 0000011110010000 1111111111111111111100101111111111111111111111111111100011111111 1101111111111111111110111111111101111111110111111111101111111101 0110001110011111001000000010001100101111111100100010010000101000 0101000000001011000011011011111000000111000001110001101010011110 0000000000000010001000100000000000000000000000000000000000010010 0000000000000000000000000111000000000000100100000000000000000000
0111000001110000 0111000000000111 1111100011111111111111111111111111111000111111111111111111111111 1111101111111101111111110111111111111101111110111111111110111111 1111010011110001111100100100001011111111000010001111000000101000 0001110101111111100000001111000010111100011110110000001100001011 0000000010000000000000000010010000000000000000100100100000000000 0000000001110000000000000000000000000000000000000000000001110000
