0000011000000111 1100000010110000 1111111111111111100111111111111111111111111111111000111111111111 1111111011111111111111111111111111111110111111011011111101111111 0010001011001111111100011111010010011000111110000101111100010010 0000101100001101101111010111111110110001101100001011000000111101 0000000010000000000001000000010010000000000000000000000000000100 1100000000000000000000000000000010110000000000000000000000000000
0110000010110000 0000110101010000 1001111111111111111111111111111101001111111111111111111111111111 1111111111011111111101111111101110111111011111111111111111111111 0100111111110011010000010000010001111000010010001111111100101111 0101000010110000101101111100110010111011100010110000101011010111 0000001000010000000000000001000000100000000000100000000000000000 0000000000000000110100000000000001010000000000000000000000000000
0000110110010000 1101011100000000 1111111111111111001011111111111101101111111111111111111111111111 1111111111001101111111111111111111111101111111111011111111111111 0100101011111001111101110100001011110101010011110001111101100010 1101011111011100000011011001000011111101000001111101011111001101 0100010000000000000010000000000000000000001001000100000000000000 1101000000000000011100000000000000000000000000000000000000000000
0000110100001001 0000000010110111 1111111111111111001011111111111111111111111111110110111111111111 1111101111111101111111111101111111111111111111111101111111011111 0100001110001000000111110100111111110001010010101111111101100100 0000000011110000011110110000001110111101101011010011110101110111 0000000001000000101000000000010000000000000000000000001000100000 0000000000000000000000000000000010110000000000000111000000000000
0000000011010111 0111000000001100 1111111111111111111111111111111100101111111111111000111111111111 1111111111011111101101111111111110111111111111011111111111101111 0000110010000010111111111000000101000100110011111100001000011111 0010000000001011011100011011110010110010111101110000011101110000 1000000000000000000000000000000000000100001000000000000000101000 0111000000000000000000000000000000000000000000001100000000000000
0111000000001010 1101000001110000 1000111111111111111111111111111111111111111111110101111111111111 1011011111111111111111111111110111111111110111111111111111101111 1001111100010100111110000010100001000011100000111000010001001111 0111000000001100011111111101001100000000000010101011111001110000 0000000000100000000010010000000000100000000000000000001000000010 1101000000000000000000000000000001110000000000000000000000000000
1101000011010000 0000000010011101 0010111111111111111111111111111100101111111111111111111111111111 1011111101111111111111101111110110111111111111111111011111111111 1110010011000100111110000100100001010001111101000000001001101111 1011000010000100011101011011101100001000110100001110101100000111 0000000000000000010000000000001000010100000000000000000010000000 0000000000000000000000000000000010010000000000001101000000000000
0000101100000111 1100101100000000 1111111111111111010011111111111111111111111111111000111111111111 1111011111111011111111111101111111111111111101111101111111101111 1100111100000000111101010011111100010100111100101111100011110100 1111110110110111001100000000000000001101011001110111011111011011 0010010000000000000000000000000000000000001001000010000000000000 1100000000000000101100000000000000000000000000000000000000000000
0000101111010000 0000110000001101 1111111111111111010011111111111100101111111111111111111111111111 1111111111011011111110111101111101111111111111110111111111111111 1010001000101111111101000000100000000110111111111000111110001111 0111000000000110011110110111111011011011001100001110110110110000 0000000000000100001000000100000000000010000000001000000000000000 0000000000000000110000000000000000000000000000001101000000000000
0000000010111101 0000110100001010 1111111111111111111111111111111101001111111111110010111111111111 1111111111101111011101111111111110111111111111011111111111011111 0010001001001100000111111110010100101001100001000001010000011111 0111000011100111111000001101111100000000110100000000000011100110 0000000000001000000000001000000000000000000000100100000001000000 0000000000000000110100000000000000000000000000001010000000000000
0000110110110000 0000000001110111 1111111111111111001011111111111101001111111111111111111111111111 1111111101111101111101111110111111101111111111111011111111111111 1100010111110010000111111111111100100111000000110100010110001100 0100110100000000000011111101011101110000001001111101011110111111 0000000000000010000000000000100001000010000000000000100010000000 0000000000000000000000000000000001110000000000000111000000000000
1011000000000111 0111110100000000 0100111111111111111111111111111111111111111111111000111111111111 1111111111111111011111111111011011111111111110111111101111101111 1000100011111111001010000010000000101001111110011111111111001000 0000001001110000111000000111101001111011101110001011101001111101 0001001000000000000000000001000000000000000100000100000000001000 0111000000000000110100000000000000000000000000000000000000000000
1011000000001011 1011000000000111 0100111111111111111111111111111111111111111111110100111111111111 0111011111111111111111111111111111111111111011011111110111011111 1100100010110100010011110001111111110110011010010010000000100010 0111011111011101000110010011010010110000110001000000110100001110 1100000000000010000000000000000000001000000000000000000001000100 1011000000000000000000000000000000000000000000000111000000000000
1101000000000111 0111000010110000 0010111111111111111111111111111111111111111111111000111111111111 1101110111111111101111111111111111111111101101111111011111111111 0000010011111000001000000100101101000100100111111111111111100011 0000000011110000111110110000000010101101000111101011011101110111 1000000000100000000000100000010000100000100000000000000000000000 0111000000000000000000000000000010110000000000000000000000000000
1011110100000000 0000101100000111 0100111111111111001011111111111111111111111111111111111111111111 1101111111111111111111111011101111111011011111111101111111111111 1000110000000110111111111111010000101111011110000000100011001111 1100101100000111000011010111101100001110111101101110111000110000 0000100000000000001000000100000000001000000000100000000001000000 0000000000000000101100000000000000000000000000000111000000000000
0101011100000000 1011000011010000 1010111111111111100011111111111111111111111111111111111111111111 1111111111110111111111111111111111110111110111111101011111111111 1111100000100100010110000101011011111011100001001111010011111111 0100000001101101101110110111011111011111110110110000011101100000 0000000010000000000010000000000010000000000100000000001000001000 1011000000000000000000000000000011010000000000000000000000000000
1011000010110000 0000000011011101 0100111111111111111111111111111101001111111111111111111111111111 1101111110111111111101111111011111111111111111111111110111110111 0110001011000100111100101000111101000100010000100111001011110000 1011000000000101000110101000000010111111001001101101000010111011 0000000000000000010000000000100001000100000000000000100000100000 0000000000000000000000000000000011010000000000001101000000000000
0000011100000111 0111000000000011 1111111111111111100011111111111111111111111111111000111111111111 1111011111111110111011110111111111110111111101111111111111111111 0011111110000010111101001111100011110010110000010100000001001000 1101101111010111010100010000000000000000101010101111100011010110 1000000000000000100001000000000000000000000000000000000000101000 0111000000000000000000000000000000000000000000000011000000000000
0111000000001010 0000000010111011 1000111111111111111111111111111111111111111111110101111111111111 1101111111111111101111111111011111111111111111111111011111011111 1111010001000010100011110100100001000010100011110000101111110100 0000000010110000011101110111110100001011101111010100111100000000 0000000010001000000000000000000000011001000000000000010000000000 0000000000000000000000000000000010110000000000001011000000000000
0000101100001011 0000101110110000 1111111111111111010011111111111111111111111111110100111111111111 1111111111111001101111111111111111111011111111111111111110101111 1111010001000100100111000100111111000100111101000010111100100010 1111000111010000000010011100011101110110111101110001000000001011 0000100000100000000000000100100000100000000000001000000000000000 0000000000000000101100000000000010110000000000000000000000000000
1011000010110000 0000011101110000 0100111111111111111111111111111101001111111111111111111111111111 0111111101111111111111111111101101111111111111111111101111111101 0000001011110110001000110100001000100100010100001111111101001111 0101101111010000110100001000010010111111101000000000101100001111 0000010000100000000000000000100000000000000000100100010000000000 0000000000000000011100000000000001110000000000000000000000000000
1011101100000000 1101011100000000 0100111111111111010011111111111111111111111111111111111111111111 0111111111111111111111111101101111111101111111110111110111111111 0000111111110110111100100011111101000100001111001001000010001001 0101011100101010111001110000110110010111000011101101000001001110 0001010000000000000000000000000000000000100001000100000000000100 1101000000000000011100000000000000000000000000000000000000000000
0000000011010111 0000110100001011 1111111111111111111111111111111100101111111111111000111111111111 1111110111111111111111001111111101111111111110111111111111101111 1111010001000001010001001101001001000001111111110100011011111111 1111011100001010011101111100101110011101101101000000110101010000 0000010000000000100000000000000000000001000001000100000001000000 0000000000000000110100000000000000000000000000001011000000000000
0000000011011011 1101000000001101 1111111111111111111111111111111100101111111111110100111111111111 1111110111101111110111111111111111011111111110111111111111111101 0101111111110010000011111111000011110001001011111000010010000100 0000011110110000111100000000110001110000111101111101010110111011 1000000000000000100000000000000000000001100000000000000000100100 1101000000000000000000000000000000000000000000001101000000000000
