0110000010110000 1001000001110000 1111111110011111111111111111111111111111010011111111111111111111 1101111101111111111110111111101111111111111111111111011111111111 0011100011111111001000110011010011111111010000100110000001000011 0000011100111010110111011001100100101011110000001011110100000111 0100000000100000000000010000000000000000000000000000100000000010 0000000010010000000000000000000000000000011100000000000000000000
0101110100000000 0000000000110111 1111111110101111111111110010111111111111111111111111111111111111 1111011111111111101111011111111111111111111111111111111101110111 1001000001010111001001000011111100110010001001001111111111110100 0000100110110111100101111011010010110000010000000111101101110111 0100100000000000000000000001000000000000100000100000000000000000 0000000000000000000000000000000000000000001100000000000001110000
0000100110100000 0000011100001101 1111111111111111111111110110111111111111010111111111111111111111 1111111111111111110111111111111111111111011111011111011111111111 0111111010000100111110011111010010101111100001001000011010001111 0111111010111111110110111101011100000001100001111001101100000000 0000010000000010100000000010000000000010000010000000000000000000 0000000000000000000000000111000000000000000000000000000011010000
0000010111010000 0000000010110110 1111111111111111111111111010111111111111001011111111111111111111 1111111111111111101111111111110111111111110110111111101111111111 1111111111100001001001000100010101101100111101000100100100100010 1110101111100000000000000111110110111001101111010000010000010111 1000100000000000000000000010000000000000010000000000000000000010 0000000000000000000000000000000000000000101100000000000001100000
0000110100001000 0000110100001101 1111111111111111111111110010111111111111111111111111111101111111 1111011111111111111111111111111111111111111101111110111101111111 1000111101001111010000100010100111110100111100101111001010111000 0101001111111101011101000111111000000000000000110111100110111110 0000000000000010000000000010000000000100000010000100000001000000 0000000000000000000000001101000000000000000000000000000011010000
1001000000000111 0111000000001011 1111111101101111111111111111111111111111111111111111111110001111 1111111111111111111110110111111111111011111111111101111111111101 0110100000100100111110000010100000101111001011111000000011111000 0000111100001101000010110111011000001101111001111111000000000000 0000100000000000000000000100010000010000000000000010100000000000 0000000001110000000000000000000000000000000000000000000010110000
0000000011011101 0111000010100000 1111111111111111111111111111111111111111001011111111111100101111 1011111111111111111111111101110111110111111111111101011111111111 1010000011111111111100100010100000000100010001000100111100101001 0111000000001011000010110000011111011111000010111011000000000111 0000000000000000000000010000001000100000000000000000100000000001 0000000001110000000000000000000000000000101000000000000000000000
1011000001110000 0000011100110000 1111111101001111111111111111111111111111100011111111111111111111 1101111111111111111111011111111111011111110111111111101111111011 0000100000100100011000101111001001000100001011111111010010001001 0100101110101011011110000000100100011010000111110000000010110000 1000000000000100000000000000000000000100000000000000000000100010 0000000000000000000000000111000000000000001100000000000000000000
1011000000000111 1101000001100000 1111111101001111111111111111111111111111111111111111111110001111 1111111111111111111101110111111101111101111111110111111111111011 0100100000100100111111110100100000001000001011111000000011111000 1111011000001100010000111100000000001101011110001011000011010000 0100000000100000000000100000010010000000000000000000000000000000 0000000011010000000000000000000000000000011000000000000000000000
1011000010110000 0110110100000000 1111111101001111111111111111111111111111010011111111111111111111 1110111111011111111111101111011111101111111111111111011111111111 0101010000100010001000011001010010000110111111111000100010001100 0111101100001111101010110000011100100000000001110001101100000000 0000000000000010000100000000010000011000000000000000000000000000 0000000001100000000000001101000000000000000000000000000000000000
1011000000001010 1100000000000111 1111111101001111111111111111111111111111111111111111111101011111 1111111111011111111101111111111111111011111111111101111111111011 0100000000100100010010001111100000101111101011111111100110001000 0000110110110000111000000000001000001101110011011111001111011010 0000000000000000000000001000000001000000000010000010001000000000 0000000011000000000000000000000000000000000000000000000001110000
0000101110110000 1011000011010000 1111111111111111111111110100111111111111010011111111111111111111 1011011111111111011111111111110111111111111111111111011101111111 0110111110010100000001000100100111110000100011110010001011110110 0000000011100000111100000111011101110000101110110101000011101101 0010000001000000000000000000000001010000100000000000000000000010 0000000010110000000000000000000000000000110100000000000000000000
1011101100000000 0000011100000111 1111111101001111111111110100111111111111111111111111111111111111 1111011011101111101111111111111111011111111111111111111111111011 0010111101001111000000011111001011110100011001100011111111110011 1011110111111011101100001011111011011101000001110000000011010111 0000000100000100100000000010000000000000000001000000000000100000 0000000000000000000000000111000000000000000000000000000001110000
1011000000001011 0000011101110000 1111111101001111111111111111111111111111111111111111111101001111 1111111111011111111101111101111111011110111111110111111111111111 1111111111001111000000000001111110001010010011111000111100011111 0000011101101100110011010000110111010111011101111001110101011011 0000000000001000010001000000000000000001100000000000000000000010 0000000000000000000000000111000000000000011100000000000000000000
0111101100000000 0111000000000111 1111111110001111111111110100111111111111111111111111111111111111 1111011110111111111111111111111101111111111111011111111101111110 1000111110000000111110001111111110000001000011111000111100110100 0000110111100000101101110110000000011101011111110011000011101101 0000000010000000000000001000010000000000000000010010100000000000 0000000001110000000000000000000000000000000000000000000001110000
0000100111010000 1101000001110000 1111111111111111111111110110111111111111001011111111111111111111 0111111111111111110111111111011111111111111111111111011111011111 1000111101001111000011011111101111111001000101001001111111111000 0000011110111110110011010001011111011011011101110111000010111110 1000000000100000000000000000010000000000000100000000100000001000 0000000011010000000000000000000000000000011100000000000000000000
1101000010110000 0000101100010000 1111111100101111111111111111111111111111010011111111111111111111 1011111111011111111111111111011111101111111111111111101111111101 0001100011110011100000101000100000101111100100001000010010001111 1101000001110101010011010000000000001011110100101101100101000100 0000000000000100001000100000000000000000000000000000000001000000 0000000000000000000000001011000000000000000100000000000000000000
0000110110110000 1001000001110000 1111111111111111111111110010111111111111010011111111111111111111 1110110111111111111111111111101111111111111110111111101101111111 1111100011111000010011101000010000110001010000011111100011011000 1101000010111011111100001011011110110000110100000000000011101100 0010000000100000000000000000000010000000100000000000000000001000 0000000010010000000000000000000000000000011100000000000000000000
1011011100000000 0000000010110101 1111111101001111111111111000111111111111111111111111111111111111 1111111011011111011111111111111101111111111111111111111101111101 1111010101001111000001000010100011101111100010101000111100101001 1101011100000111000011100000101110111110000001110111010100001011 1000100000000000000010000000000000000000000000010000000000000100 0000000000000000000000000000000000000000101100000000000001010000
