0000000000111100 1011110100000000 1111111111111111111111111111111111111111110011111111111100111111 1111111111111111111111111111011111110111011111111110111111111111 1111111101101000101100110010111111110010010111001000101011110010 1110101111010111110101110000101101111101101100001101000011001101 0000100000100000000000000000000010010000000001001000000000000000 0000101100000000000011010000000000000000000000000000000000000000
1011000000001011 0000001100000110 1111111101001111111111111111111111111111111111111111111101001111 1111111111111111111101111101111111101110111111110111111111111101 0100011000101111010000111111001001001000010001000001010000101001 0000001110101101000000001001111000000110000001110000101110111010 0000000000100000000010000000000100000000000000000000000000001000 0000000000000000000000110000000000000000000000000000011000000000
0001000010110000 0000101100000111 1111111111101111111111111111111111111111010011111111111111111111 1110111111111111111111111111111111111111111011111111011111111011 1111010010001000111101101111110010000100100010001100111111111111 1101110101110001101110111101111000001110011111001011011000001010 0000000000000000000000100000000110000000010000000000010000000100 0000000000000000000010110000000000000000000000000000011100000000
0111000000001011 1101000011000000 1111111110001111111111111111111111111111111111111111111101001111 1111111101111101111110111101111111011011111111111111111111111111 1111000100101110111100101000100111110100000110000001000100011111 0111110011011101101001111011111100000011011100001000000000000110 0000100000000010010000001000000000000000000010000000000000000000 0000110100000000000000000000000000001100000000000000000000000000
1011000011010000 0111001100000000 1111111101001111111111111111111111111111001011111111111111111111 1111111110111111111101111111011111101111110111111111111011111111 1111010001000010001000000000111110001111001000101111111111111000 0000000010010011110110011101011101111100000011011011011100001011 0000100000000000000000000001000101000000000000100000000000000000 0000011100000000000000110000000000000000000000000000000000000000
0000011100001101 0000110100001010 1111111111111111111111111000111111111111111111111111111100101111 1111101111111111111111110111111111111101111110111101111111011111 0010111111110100111100101011100000100100000010111001000001001111 1011011011010111011100000111000000000000000010110100011111111011 1000000000100000000000000000010000000000001000000000000100000000 0000000000000000000011010000000000000000000000000000101000000000
0000000001111010 0000011101110000 1111111111111111111111111111111111111111100011111111111101011111 1110111111110111111111111110101111111111111111111111111011111111 1111100001001000001111111111001011110100100011110010111111110000 0000110111100111101110100110011110010000110110001101101111100111 0000000001000100000000000000010000100010000000000000000010000000 0000000000000000000001110000000000000111000000000000000000000000
0000000010111011 0000011100000101 1111111111111111111111111111111111111111010011111111111101001111 0111111111111101111111111111101111111011101111111011111111111111 0100100011111100001001000100100001011111010001001000011010010010 0001111110110111000001111101000000000000000000001101110100001110 0000000000100000000010000000000000100000000000000000001000000010 0000000000000000000001110000000000000000000000000000010100000000
1101000000001101 1101000010010000 1111111100101111111111111111111111111111111111111111111100101111 1111111101111111111111010111111111111101111111111101111111110111 0100001000011111100101001000100011110010010011101100100101100100 0101000000001101101111000000000011100111000011111110101000001101 0000001000000100100000000000000000000000000010000010000000000000 0000110100000000000000000000000000001001000000000000000000000000
0110000000001011 0000101101110000 1111111110011111111111111111111111111111111111111111111101001111 1111111111111111111101111011111111111110111111111011111111110111 1111010010001100111100100010111100010100111101000100100110000101 0111000001110000000001111101011100001111101111011000101010001010 0000000010000000010000000000010000000010000000000000100000010000 0000000000000000000010110000000000000111000000000000000000000000
0000101100000111 1010000000000111 1111111111111111111111110100111111111111111111111111111110001111 1111111011111111111111111011111111111101111111011110111111011111 1111000000101010010111110000001001001111001111111111111011111001 1101010110111011000000001110011110110111011111011101011111100000 0000000000000000000000100010000000000000001000000100000000001000 0000101000000000000000000000000000000000000000000000011100000000
0000000010110111 0000000011001101 1111111111111111111111111111111111111111010011111111111110001111 1101111111111111111111110111101111111011111111111011011111111111 1111001011111111001000100010111111001000101010000000100001001111 1101101101110100000010101111011101110000011000001001101100001101 0010000000000000000000000000000000000100010000000000000010001000 0000000000000000000000000000000000001100000000000000110100000000
0000000001110111 0111000001110000 1111111111111111111111111111111111111111100011111111111110001111 1111111111111111111111110111110111111101011111110111101111111111 1111111100000100010010010100001100100100001101010110000011111111 1111101100000000011100001111011110111011010110110000011100000000 0000100000000001001000000010000000000000000000001000000000010000 0000011100000000000000000000000000000111000000000000000000000000
0000110110110000 0000000010111101 1111111111111111111111110010111111111111010011111111111111111111 1101111011111111111111111111110111111111011101111111111101111111 0101111111101000100010100010111111111111000000001000001011111010 1101110111101101000010100000000011111111011101110111000000001011 1000000000000010010001000000000000000010001000000000000000000000 0000000000000000000000000000000000001011000000000000110100000000
0000000011011011 0000000011001011 1111111111111111111111111111111111111111001011111111111101001111 1011111111110111111111111101011111111111111111111101011111111111 0000111110001000100001001000000011111000100000100100010011111111 0100101000001101000000000110001111010000000001010110101111101101 0000000000000100001000010000000000000000010000000000000000001000 0000000000000000000000000000000000001100000000000000101100000000
0111000001110000 0000110101110000 1111111110001111111111111111111111111111100011111111111111111111 1011111110111111111111111111111101111111011111111111101111110111 1000111100100110111110000000100110000110101011110000101011110100 0000011110111111110111010111110000001010000000001110111011000000 0000000000100001001000000000100000000100000000000000001000000000 0000000000000000000011010000000000000111000000000000000000000000
1011101100000000 0000000001111101 1111111101001111111111110100111111111111111111111111111111111111 1111011110111111011101111111111111111111111101111111111111111011 1111011111110000000110000011111101000001111111011111000100011000 1111011111110000110101000000011101110111110101110000000010110101 0100000000000000001000000000000000000100100000000000000010000010 0000000000000000000000000000000000000111000000000000110100000000
0000110110110000 0111101100000000 1111111111111111111111110010111111111111010011111111111111111111 0111110111111111111111111111011111111111011111011111111110111111 0010100010100100111011110100111011111100000101000100001000100101 0100000011110000000011011101001100001011011011110001110100001101 0000000001000000000000000010001000000000000000101000010000000000 0000011100000000000010110000000000000000000000000000000000000000
0111000010110000 0000101100001011 1111111110001111111111111111111111111111010011111111111111111111 1111111111101111111111111111110110111111011111111111101111110111 1010111101000000110011000010100001111000010011111111100001000010 0000111100000000111111010010000000000000011101111011101101101110 0001000000000000000010000000001001000000001000000000100000000000 0000000000000000000010110000000000000000000000000000101100000000
0000011111010000 0000101111010000 1111111111111111111111111000111111111111001011111111111111111111 1111111111111111110111111111110111111111101101111111101110111111 0101111100000000111110010010110101000010001011111011100011110100 1101011100001101011110000111011010100000000011010111100010111010 0000000000010001001000000000000100010010000000000000000000000000 0000000000000000000010110000000000001101000000000000000000000000
0000101100001101 1001101100000000 1111111111111111111111110100111111111111111111111111111100101111 1111111011111111101111110111111111111110111111011011111111111111 1111100011111111001100100100100100100010010001000000001010000011 1111000001111100000000001011000011010000111101111011000000001100 0000000001000000000000001000010010000000000000001000000000000000 0000100100000000000010110000000000000000000000000000000000000000
0000110100001011 1101101000000000 1111111111111111111111110010111111111111111111111111111101001111 1111011111111011011111111011111111111111111101111101111111111111 0001100000100001100010010100011010011111011000100001001011110010 0000000000001100101100001101110001111011101000001010100100011101 0000000000010000000000001000000000000000000010000010000100000000 0000110100000000000010100000000000000000000000000000000000000000
