0000101100000011 0000101010110000 1111111111111111111111111111010011111111111111111111111111111100 1111111110111111111110111111101110111111110111111111111111111111 0010001000100010111100101111100010001111100000110010011000001111 1011101100000000000000000111011101101110001011111101000010000111 0000010000100000000000000000010000100000000010000000000000000000 0000000000000000101000000000000010110000000000000000000000000000
0000100110110000 0110011100000000 1111111111111111111111111111011011111111111101001111111111111111 1111101101111111011111111111111111111111111111111111111101111110 1101111100000010001100100100100011111001100011110100100111111111 0111110110110111111110101101110111001011110101110000000000000000 1000100000000000000000000100000000000000000000001000000000001000 0110000000000000011100000000000000000000000000000000000000000000
1001000000001011 0000110100000101 1111111111110110111111111111111111111111111111111111111111110100 1111111111111101111111111111101111111111110111111101110111111111 0100010001001000010010000100000010000100010010001111111111111111 1111100000000110110101110000000000000111000010111100101100001101 0000001000000000001000000000000000001000000000101000000000000000 0000000000000000110100000000000000000000000000000101000000000000
0000100100000111 0000000011000111 1111111111111111111111111111011011111111111111111111111111111000 1111111111111111111111011111011111011111101111111111101111111111 0100000001001101111111110001111111010010111110000100001011110110 1101000000001011101111011011101010110111110100001110101100001101 0000000010000010000100000000000010000010000000000000000000000000 0000000000000000000000000000000011000000000000000111000000000000
0011110100000000 0111000011010000 1111111111111100111111111111001011111111111111111111111111111111 1111111101111111111111110111111101111101111111111111111111111101 1111100111110110111101010000111100010100011101001001111100101010 1011010111110111000011010111101101110000011101110110001100000111 1000000000100000000000000000000100000000100000000000100000000010 0111000000000000000000000000000011010000000000000000000000000000
0000000010111010 1101000011010000 1111111111111111111111111111111111111111111101001111111111110101 1111111111111111101111111111111111111111101101111111110110111111 1100110000111111011010000000101010001100100010001111111111111010 0111001001101101110101111101110100000111000000000111000001111111 0000000000000000000001000000010001100000010000000000000000001000 1101000000000000000000000000000011010000000000000000000000000000
1100000011000000 1011000000000111 1111111111110011111111111111111111111111111100111111111111111111 1111111111111011101111111111111111111101111111111111111110111111 1111111110001100100110000010111101111011111100100010111110100110 1010000001111011111010110000111001110111110101001011011110111011 0100000000001000000110000000000000000000000000000000000010000001 1011000000000000000000000000000000000000000000000111000000000000
0000000110110000 0111000000000111 1111111111111111111111111111111011111111111101001111111111111111 1111111111111111110111111111111110111111111101111111111110111111 0010111101001111111111111111001000001111001011001000111110001000 1101110111010111101100000111101110111111000010111110001001100000 1000000000000000000101000000000000000100000000000000000010001000 0111000000000000000000000000000000000000000000000111000000000000
0110000011010000 1101000001110000 1111111111111001111111111111111111111111111100101111111111111111 1111110111110111111111111111111111111111111111010111111111011111 1010100111110001101111111010010010010010100101001111100101000100 0001011101110000011100001011101011100100101101110011110100001101 0100000000000000000010000000110010000000001000000000000000000000 1101000000000000000000000000000001110000000000000000000000000000
1101000001010000 0000011111010000 1111111111110010111111111111111111111111111110101111111111111111 1111111111110111111011111011111111111011111101111111111111111111 1111111111111111101101001000010111111000000110001100011011110000 0000011101110111011011101101011101110111000000000111101101111011 0000011000000000000000000010100010000000000000000000001000000000 0000000000000000011100000000000011010000000000000000000000000000
0011000001010000 0111011100000000 1111111111111100111111111111111111111111111110101111111111111111 1111111111111111011111111101111111110111111101111111111111111111 0010111101000010001010001010101111110100010011111011001011110011 0000111100001100101111100110110111010000011001110111000010111011 0000001000000000000001000000000000000000100010000010000000000001 0111000000000000011100000000000000000000000000000000000000000000
0111000010110000 0111110100000000 1111111111111000111111111111111111111111111101001111111111111111 1111111111111011110111110111111111111111111101110111111101111111 0001111100100110000111110000100001011111010000010010111111111010 0110010110111110011010111110000000001101011100000101111010100011 1000010000000000000001000010000000000000100001000000000000000000 0111000000000000110100000000000000000000000000000000000000000000
1101000000000111 1011011100000000 1111111111110010111111111111111111111111111111111111111111111000 0111111111110111111111111111111111111101011111110111101111111111 1000001011011000000101000100111010000010111110101000000101001111 1111011001111111000001110000000001100000101100000000011101110000 0010001000000000000000000000000000000000100000010010000000000001 1011000000000000011100000000000000000000000000000000000000000000
0000101100000111 0000101101110000 1111111111111111111111111111010011111111111111111111111111111000 1101111111111111111111011111111101111111011111111111011111111101 0000100010001000111100010010111100100010001010000100010011110100 1101000011010100000001110110000000011111000000001101000011110000 0000001000100000000000000100000000100000000000010000001000000000 0000000000000000101100000000000001110000000000000000000000000000
0000000010110111 0111011000000000 1111111111111111111111111111111111111111111101001111111111111000 1111110111111111110111111111011111111111110111111111011111011111 0010111100001000111001001000100000100011111111111111000010101001 0110111100000111011100110000101100000011101110111101000001110000 0100100000000000000001000000000000000000000110000000000000000000 0111000000000000011000000000000000000000000000000000000000000000
1101000000000111 0000110100001101 1111111111110010111111111111111111111111111111111111111111111000 1111111111111111111111111101011111111011110111111110011111111111 1111010011110010011000000100001001010010000011111111111101001100 1110011110110000101111100111101110000000000001111010000000101111 0000010000000010100000000000000000000000000000101000000001000000 0000000000000000110100000000000000000000000000001101000000000000
0111101100000000 0000011101110000 1111111111111000111111111111010011111111111111111111111111111111 1111111111111111111111011001111101111101111111111111111111111101 1000001000101111111111111111100011110000001011111000100000100001 1000011110110000110100001011110101010111110111111011000000000110 0000000000000000000000001000010000010000000000100100000100000000 0000000000000000011100000000000001110000000000000000000000000000
0000101101110000 0000110110110000 1111111111111111111111111111010011111111111110001111111111111111 1111110110111111101111011111111111111111111111011111111111110111 1111001011111111010000001000111001111111010010100010100111010000 0001000010110111011101111110000010110111010100111110101000001011 0000000000100000000000001000000010000000000000100010010000000000 0000000000000000110100000000000010110000000000000000000000000000
